catalog_food_id,name_tr,category_tr,suggested_category_tr,calories_100g,protein_100g,carbs_100g,fat_100g,fiber_100g,sugar_100g,sodium_mg_100g,default_portion_label_tr,default_portion_grams,candidate_1_name_tr,candidate_1_calories_100g,candidate_quality,proposed_status,issues_summary,recommended_action
1,Izgara Köfte,Et & Tavuk,,206,18,2,14,0,0,0,1 Porsiyon,150,,,no_candidate,RECIPE_OR_TURKISH_MEAL_NEEDS_MANUAL_SOURCE,RECIPE_OR_TURKISH_MEAL_NEEDS_MANUAL_SOURCE | candidate_quality=no_candidate | fiber_100g_zero_placeholder | sugar_100g_zero_placeholder | sodium_mg_100g_zero_placeholder,TÜRKOMP/tarif hesabı gerekir
2,Tavuk Göğsü (Izgara),Et & Tavuk,,152.6667,30.6667,0,3.3333,0,0,0,1 Porsiyon,150,"Derisiz Kemiksiz Tavuk Göğsü, Izgara",151.0,likely_related,LIKELY_OK_OR_USDA_CLOSE,LIKELY_OK_OR_USDA_CLOSE | candidate_quality=likely_related | fiber_100g_zero_placeholder | sugar_100g_zero_placeholder | sodium_mg_100g_zero_placeholder,USDA eşleşmesini elle onayla; uygunsa verified yap
3,Yulaf Ezmesi,Tahıl & Ekmek,,382,16,66,6,0,0,0,1 Kase,50,"Bebek Maması, Junior Zenginleştirilmiş Tahıl Gevreği Yulaf Ezmesi",76.0,bad_candidate_keyword,REJECT_USDA_CANDIDATE_KEEP_CURRENT_PENDING,REJECT_USDA_CANDIDATE_KEEP_CURRENT_PENDING | candidate_quality=bad_candidate_keyword | fiber_likely_placeholder_zero | fiber_100g_zero_placeholder | sugar_100g_zero_placeholder | sodium_mg_100g_zero_placeholder,USDA adayı reddedilsin; doğru kaynak tekrar aranmalı
4,Mercimek Çorbası,Çorba,,62,4,8.8,1.2,0,0,0,1 Kase,250,Konserve Hazır Jambonlu Mercimek Çorbası,56.0,likely_related,RECIPE_OR_TURKISH_MEAL_NEEDS_MANUAL_SOURCE,RECIPE_OR_TURKISH_MEAL_NEEDS_MANUAL_SOURCE | candidate_quality=likely_related | fiber_100g_zero_placeholder | sugar_100g_zero_placeholder | sodium_mg_100g_zero_placeholder,TÜRKOMP/tarif hesabı gerekir
5,Tam Buğday Ekmek,Tahıl & Ekmek,,242.8571,14.2857,40,2.8571,0,0,0,1 Dilim,35,,,no_candidate,NO_CANDIDATE_KEEP_CURRENT_PENDING,NO_CANDIDATE_KEEP_CURRENT_PENDING | candidate_quality=no_candidate | fiber_likely_placeholder_zero | fiber_100g_zero_placeholder | sugar_100g_zero_placeholder | sodium_mg_100g_zero_placeholder,Kaynak bulunana kadar pending kalsın
6,Haşlanmış Yumurta,Genel,,142,12,1.2,10,0,0,0,1 Adet,50,,,no_candidate,NO_CANDIDATE_KEEP_CURRENT_PENDING,NO_CANDIDATE_KEEP_CURRENT_PENDING | candidate_quality=no_candidate | fiber_100g_zero_placeholder | sugar_100g_zero_placeholder | sodium_mg_100g_zero_placeholder,Kaynak bulunana kadar pending kalsın
7,Pirinç Pilavı,Tahıl & Ekmek,,126,2.6667,28,0.3333,0,0,0,1 Porsiyon,150,,,no_candidate,RECIPE_OR_TURKISH_MEAL_NEEDS_MANUAL_SOURCE,RECIPE_OR_TURKISH_MEAL_NEEDS_MANUAL_SOURCE | candidate_quality=no_candidate | fiber_likely_placeholder_zero | fiber_100g_zero_placeholder | sugar_100g_zero_placeholder | sodium_mg_100g_zero_placeholder,TÜRKOMP/tarif hesabı gerekir
8,Kuru Fasulye,Baklagil,,141.5,9,23,1.5,0,0,0,1 Porsiyon,200,Çiğ Kuru Fasulye,337.0,likely_related,USDA_RELATED_BUT_VALUES_DIFFER_REVIEW,USDA_RELATED_BUT_VALUES_DIFFER_REVIEW | candidate_quality=likely_related | fiber_likely_placeholder_zero | fiber_100g_zero_placeholder | sugar_100g_zero_placeholder | sodium_mg_100g_zero_placeholder,USDA adayını elle kontrol et; pişmiş/çiğ farkını netleştir
9,Zeytinyağlı Salata,Yağ & Sos,Yağ & Sos,85.3333,1.5333,4,7,0,0,0,1 Kase,150,,,no_candidate,RECIPE_OR_TURKISH_MEAL_NEEDS_MANUAL_SOURCE,RECIPE_OR_TURKISH_MEAL_NEEDS_MANUAL_SOURCE | candidate_quality=no_candidate | fiber_100g_zero_placeholder | sugar_100g_zero_placeholder | sodium_mg_100g_zero_placeholder,TÜRKOMP/tarif hesabı gerekir
10,Tam Yağlı Süt,Süt Ürünleri,,61.5,3.2,4.8,3.3,0,0,0,1 Su Bardağı,200,"Bebek Maması, Zenginleştirilmiş Yoğurt Tam Yağlı Süt",92.0,bad_candidate_keyword,REJECT_USDA_CANDIDATE_KEEP_CURRENT_PENDING,REJECT_USDA_CANDIDATE_KEEP_CURRENT_PENDING | candidate_quality=bad_candidate_keyword | sugar_likely_placeholder_zero | fiber_100g_zero_placeholder | sugar_100g_zero_placeholder | sodium_mg_100g_zero_placeholder,USDA adayı reddedilsin; doğru kaynak tekrar aranmalı
11,Somon (Izgara),Balık & Deniz,,200,20,0,13.3333,0,0,0,1 Porsiyon,150,,,no_candidate,NO_CANDIDATE_KEEP_CURRENT_PENDING,NO_CANDIDATE_KEEP_CURRENT_PENDING | candidate_quality=no_candidate | fiber_100g_zero_placeholder | sugar_100g_zero_placeholder | sodium_mg_100g_zero_placeholder,Kaynak bulunana kadar pending kalsın
12,Kinoa,Tahıl & Ekmek,,118.6667,4.4,21,1.8667,0,0,0,1 Kase,150,Kinoa Unu,385.197,bad_candidate_keyword,REJECT_USDA_CANDIDATE_KEEP_CURRENT_PENDING,REJECT_USDA_CANDIDATE_KEEP_CURRENT_PENDING | candidate_quality=bad_candidate_keyword | fiber_likely_placeholder_zero | fiber_100g_zero_placeholder | sugar_100g_zero_placeholder | sodium_mg_100g_zero_placeholder,USDA adayı reddedilsin; doğru kaynak tekrar aranmalı
13,Avokado,Genel,,179.3333,2,9,15,0,0,0,1 Adet,150,Avokado yağı,884.0,bad_candidate_keyword,REJECT_USDA_CANDIDATE_KEEP_CURRENT_PENDING,REJECT_USDA_CANDIDATE_KEEP_CURRENT_PENDING | candidate_quality=bad_candidate_keyword | fiber_100g_zero_placeholder | sugar_100g_zero_placeholder | sodium_mg_100g_zero_placeholder,USDA adayı reddedilsin; doğru kaynak tekrar aranmalı
14,Yoğurt (Tam Yağlı),Süt Ürünleri,,62.6667,3.5333,4.7333,3.2667,0,0,0,1 Kase,150,"Bebek Maması, Zenginleştirilmiş Yoğurt Tam Yağlı Süt",98.0,bad_candidate_keyword,REJECT_USDA_CANDIDATE_KEEP_CURRENT_PENDING,REJECT_USDA_CANDIDATE_KEEP_CURRENT_PENDING | candidate_quality=bad_candidate_keyword | fiber_100g_zero_placeholder | sugar_100g_zero_placeholder | sodium_mg_100g_zero_placeholder,USDA adayı reddedilsin; doğru kaynak tekrar aranmalı
15,Nohut (Haşlanmış),Baklagil,,167.3333,8.9333,27,2.6,0,0,0,1 Kase,150,Çiğ Nohut,378.0,likely_related,USDA_RELATED_BUT_VALUES_DIFFER_REVIEW,USDA_RELATED_BUT_VALUES_DIFFER_REVIEW | candidate_quality=likely_related | fiber_likely_placeholder_zero | fiber_100g_zero_placeholder | sugar_100g_zero_placeholder | sodium_mg_100g_zero_placeholder,USDA adayını elle kontrol et; pişmiş/çiğ farkını netleştir
16,Badem,Kuruyemiş,,666.6667,25,25,50,0,0,0,1 Adet,1.2,Badem,579.0,likely_related,USDA_RELATED_BUT_VALUES_DIFFER_REVIEW,USDA_RELATED_BUT_VALUES_DIFFER_REVIEW | candidate_quality=likely_related | portion_grams_extreme(1.2) | fiber_100g_zero_placeholder | sugar_100g_zero_placeholder | sodium_mg_100g_zero_placeholder,USDA adayını elle kontrol et; pişmiş/çiğ farkını netleştir
17,Ispanak (Çiğ),Sebze,,30,3,3.5,0.5,0,0,0,1 Kase,40,Çiğ Ispanak,23.0,likely_related,USDA_RELATED_BUT_VALUES_DIFFER_REVIEW,USDA_RELATED_BUT_VALUES_DIFFER_REVIEW | candidate_quality=likely_related | fiber_100g_zero_placeholder | sugar_100g_zero_placeholder | sodium_mg_100g_zero_placeholder,USDA adayını elle kontrol et; pişmiş/çiğ farkını netleştir
18,Tatlı Patates,Sebze,,87.5,1.5833,20,0.0833,0,0,0,1 Adet,120,"Bebek Maması, Junior Sebze Tatlı Patates",60.0,bad_candidate_keyword,REJECT_USDA_CANDIDATE_KEEP_CURRENT_PENDING,REJECT_USDA_CANDIDATE_KEEP_CURRENT_PENDING | candidate_quality=bad_candidate_keyword | fiber_likely_placeholder_zero | fiber_100g_zero_placeholder | sugar_100g_zero_placeholder | sodium_mg_100g_zero_placeholder,USDA adayı reddedilsin; doğru kaynak tekrar aranmalı
19,Lor Peyniri,Süt Ürünleri,,93.3333,11.3333,3.3333,4,0,0,0,1 Yemek Kaşığı,15,Az Yağlı Lor Peyniri,84.0,likely_related,LIKELY_OK_OR_USDA_CLOSE,LIKELY_OK_OR_USDA_CLOSE | candidate_quality=likely_related | fiber_100g_zero_placeholder | sugar_100g_zero_placeholder | sodium_mg_100g_zero_placeholder,USDA eşleşmesini elle onayla; uygunsa verified yap
20,Zeytinyağı,Yağ & Sos,,900,0,0,100,0,0,0,1 Yemek Kaşığı,15,"Mısır, yer fıstığı ve zeytinyağı",884.0,likely_related,LIKELY_OK_OR_USDA_CLOSE,"LIKELY_OK_OR_USDA_CLOSE | candidate_quality=likely_related | USDA adayı saf zeytinyağı değil, karışık yağ; kaynak eşleşmesi elle düzeltilmeli. | fiber_100g_zero_placeholder | sugar_100g_zero_placeholder | sodium_mg_100g_zero_placeholder",USDA eşleşmesini elle onayla; uygunsa verified yap
21,Simit,Tahıl & Ekmek,,283,9,55,3,0,0,0,1 Adet,100,,,no_candidate,RECIPE_OR_TURKISH_MEAL_NEEDS_MANUAL_SOURCE,RECIPE_OR_TURKISH_MEAL_NEEDS_MANUAL_SOURCE | candidate_quality=no_candidate | fiber_likely_placeholder_zero | fiber_100g_zero_placeholder | sugar_100g_zero_placeholder | sodium_mg_100g_zero_placeholder,TÜRKOMP/tarif hesabı gerekir
22,Beyaz Peynir,Süt Ürünleri,,266.6667,14.3333,4,21.3333,0,0,0,1 Dilim,30,Tam Yağlı Beyaz Peynir,272.884,likely_related,LIKELY_OK_OR_USDA_CLOSE,LIKELY_OK_OR_USDA_CLOSE | candidate_quality=likely_related | fiber_100g_zero_placeholder | sugar_100g_zero_placeholder | sodium_mg_100g_zero_placeholder,USDA eşleşmesini elle onayla; uygunsa verified yap
23,Menemen,Yemek,,118.8,5.6,5.2,8.4,0,0,0,1 Porsiyon,250,,,no_candidate,RECIPE_OR_TURKISH_MEAL_NEEDS_MANUAL_SOURCE,RECIPE_OR_TURKISH_MEAL_NEEDS_MANUAL_SOURCE | candidate_quality=no_candidate | fiber_100g_zero_placeholder | sugar_100g_zero_placeholder | sodium_mg_100g_zero_placeholder,TÜRKOMP/tarif hesabı gerekir
24,Omlet,Genel,,150,10.625,0.625,11.625,0,0,0,1 Adet,80,Omlet Bütün Yumurta,154.0,likely_related,LIKELY_OK_OR_USDA_CLOSE,LIKELY_OK_OR_USDA_CLOSE | candidate_quality=likely_related | fiber_100g_zero_placeholder | sugar_100g_zero_placeholder | sodium_mg_100g_zero_placeholder,USDA eşleşmesini elle onayla; uygunsa verified yap
25,Poğaça (Peynirli),Süt Ürünleri,Tahıl & Ekmek,362.5,9.5,45,16,0,0,0,1 Adet,80,,,no_candidate,RECIPE_OR_TURKISH_MEAL_NEEDS_MANUAL_SOURCE,RECIPE_OR_TURKISH_MEAL_NEEDS_MANUAL_SOURCE | candidate_quality=no_candidate | category_mismatch: Süt Ürünleri -> Tahıl & Ekmek | fiber_100g_zero_placeholder | sugar_100g_zero_placeholder | sodium_mg_100g_zero_placeholder,Kategori düzelt + değer kontrol
26,Döner (Tavuk),Et & Tavuk,,150,22,3,5.5333,0,0,0,1 Porsiyon,150,,,no_candidate,RECIPE_OR_TURKISH_MEAL_NEEDS_MANUAL_SOURCE,RECIPE_OR_TURKISH_MEAL_NEEDS_MANUAL_SOURCE | candidate_quality=no_candidate | fiber_100g_zero_placeholder | sugar_100g_zero_placeholder | sodium_mg_100g_zero_placeholder,TÜRKOMP/tarif hesabı gerekir
27,Döner (Et),Et & Tavuk,,228,19.6,2.8,15.4,0,0,0,1 Porsiyon,150,,,no_candidate,RECIPE_OR_TURKISH_MEAL_NEEDS_MANUAL_SOURCE,RECIPE_OR_TURKISH_MEAL_NEEDS_MANUAL_SOURCE | candidate_quality=no_candidate | fiber_100g_zero_placeholder | sugar_100g_zero_placeholder | sodium_mg_100g_zero_placeholder,TÜRKOMP/tarif hesabı gerekir
28,Lahmacun,Yemek,,213.3333,10.8333,27.5,6.6667,0,0,0,1 Adet,120,,,no_candidate,RECIPE_OR_TURKISH_MEAL_NEEDS_MANUAL_SOURCE,RECIPE_OR_TURKISH_MEAL_NEEDS_MANUAL_SOURCE | candidate_quality=no_candidate | fiber_100g_zero_placeholder | sugar_100g_zero_placeholder | sodium_mg_100g_zero_placeholder,TÜRKOMP/tarif hesabı gerekir
29,Pide (Kaşarlı),Tahıl & Ekmek,,280,12.52,35,10,0,0,0,1 Porsiyon,250,,,no_candidate,RECIPE_OR_TURKISH_MEAL_NEEDS_MANUAL_SOURCE,RECIPE_OR_TURKISH_MEAL_NEEDS_MANUAL_SOURCE | candidate_quality=no_candidate | fiber_likely_placeholder_zero | fiber_100g_zero_placeholder | sugar_100g_zero_placeholder | sodium_mg_100g_zero_placeholder,TÜRKOMP/tarif hesabı gerekir
30,"Börek (Peynirli, Fırın)",Süt Ürünleri,Tahıl & Ekmek,331.25,11.75,32.375,17.25,0,0,0,1 Dilim,80,,,no_candidate,RECIPE_OR_TURKISH_MEAL_NEEDS_MANUAL_SOURCE,RECIPE_OR_TURKISH_MEAL_NEEDS_MANUAL_SOURCE | candidate_quality=no_candidate | category_mismatch: Süt Ürünleri -> Tahıl & Ekmek | fiber_100g_zero_placeholder | sugar_100g_zero_placeholder | sodium_mg_100g_zero_placeholder,Kategori düzelt + değer kontrol
31,Mantı,Yemek,,185,9.5,24.6,5.4,0,0,0,1 Porsiyon,300,Dondurulmuş Domuz Etli Sebzeli Wonton,136.0,bad_candidate_keyword,RECIPE_OR_TURKISH_MEAL_NEEDS_MANUAL_SOURCE,RECIPE_OR_TURKISH_MEAL_NEEDS_MANUAL_SOURCE | candidate_quality=bad_candidate_keyword | fiber_100g_zero_placeholder | sugar_100g_zero_placeholder | sodium_mg_100g_zero_placeholder,TÜRKOMP/tarif hesabı gerekir
32,İskender Kebap,Et & Tavuk,,206.5714,14,15.1429,10,0,0,0,1 Porsiyon,350,,,no_candidate,RECIPE_OR_TURKISH_MEAL_NEEDS_MANUAL_SOURCE,RECIPE_OR_TURKISH_MEAL_NEEDS_MANUAL_SOURCE | candidate_quality=no_candidate | fiber_100g_zero_placeholder | sugar_100g_zero_placeholder | sodium_mg_100g_zero_placeholder,TÜRKOMP/tarif hesabı gerekir
33,Bulgur Pilavı,Tahıl & Ekmek,,154,5.6,30,1.3,0,0,0,1 Porsiyon,200,,,no_candidate,RECIPE_OR_TURKISH_MEAL_NEEDS_MANUAL_SOURCE,RECIPE_OR_TURKISH_MEAL_NEEDS_MANUAL_SOURCE | candidate_quality=no_candidate | fiber_likely_placeholder_zero | fiber_100g_zero_placeholder | sugar_100g_zero_placeholder | sodium_mg_100g_zero_placeholder,TÜRKOMP/tarif hesabı gerekir
34,Makarna (Haşlanmış),Tahıl & Ekmek,,130.5,5,25.2,1.1,0,0,0,1 Porsiyon,200,,,no_candidate,NO_CANDIDATE_KEEP_CURRENT_PENDING,NO_CANDIDATE_KEEP_CURRENT_PENDING | candidate_quality=no_candidate | fiber_likely_placeholder_zero | fiber_100g_zero_placeholder | sugar_100g_zero_placeholder | sodium_mg_100g_zero_placeholder,Kaynak bulunana kadar pending kalsın
35,Domates Çorbası,Çorba,,49.2,1.6,8,1.2,0,0,0,1 Kase,250,Konserve Sütle Hazırlanmış Kremalı Domates Çorbası,79.0,likely_related,RECIPE_OR_TURKISH_MEAL_NEEDS_MANUAL_SOURCE,RECIPE_OR_TURKISH_MEAL_NEEDS_MANUAL_SOURCE | candidate_quality=likely_related | fiber_100g_zero_placeholder | sugar_100g_zero_placeholder | sodium_mg_100g_zero_placeholder,TÜRKOMP/tarif hesabı gerekir
36,Tavuk Çorbası,Çorba,,15.2,1.8,0.8,0.52,0,0,0,1 Kase,250,Konserve Hazır Taneli Tavuk Çorbası,71.0,likely_related,RECIPE_OR_TURKISH_MEAL_NEEDS_MANUAL_SOURCE,RECIPE_OR_TURKISH_MEAL_NEEDS_MANUAL_SOURCE | candidate_quality=likely_related | fiber_100g_zero_placeholder | sugar_100g_zero_placeholder | sodium_mg_100g_zero_placeholder,TÜRKOMP/tarif hesabı gerekir
37,Ayran,Süt Ürünleri,İçecek,35.6,2,2.4,2,0,0,0,1 Bardak,250,Ayran altı sütü,62.0,bad_candidate_keyword,REJECT_USDA_CANDIDATE_KEEP_CURRENT_PENDING,REJECT_USDA_CANDIDATE_KEEP_CURRENT_PENDING | candidate_quality=bad_candidate_keyword | category_mismatch: Süt Ürünleri -> İçecek | fiber_100g_zero_placeholder | sugar_100g_zero_placeholder | sodium_mg_100g_zero_placeholder,Kategori düzelt + değer kontrol
38,Türk Çayı (Şekersiz),İçecek,,2,0,0.4,0,0,0,0,1 Bardak,100,,,no_candidate,NO_CANDIDATE_KEEP_CURRENT_PENDING,NO_CANDIDATE_KEEP_CURRENT_PENDING | candidate_quality=no_candidate | fiber_100g_zero_placeholder | sugar_100g_zero_placeholder | sodium_mg_100g_zero_placeholder,Kaynak bulunana kadar pending kalsın
39,Türk Kahvesi (Sade),İçecek,,5,0.3333,0.6667,0.1667,0,0,0,1 Fincan,60,,,no_candidate,NO_CANDIDATE_KEEP_CURRENT_PENDING,NO_CANDIDATE_KEEP_CURRENT_PENDING | candidate_quality=no_candidate | fiber_100g_zero_placeholder | sugar_100g_zero_placeholder | sodium_mg_100g_zero_placeholder,Kaynak bulunana kadar pending kalsın
40,Tost (Kaşarlı),Tahıl & Ekmek,,290,13,28,14,0,0,0,1 Adet,150,,,no_candidate,RECIPE_OR_TURKISH_MEAL_NEEDS_MANUAL_SOURCE,RECIPE_OR_TURKISH_MEAL_NEEDS_MANUAL_SOURCE | candidate_quality=no_candidate | fiber_likely_placeholder_zero | fiber_100g_zero_placeholder | sugar_100g_zero_placeholder | sodium_mg_100g_zero_placeholder,TÜRKOMP/tarif hesabı gerekir
41,Karnıyarık,Yemek,,122.5,7.8,9.8,5.8,0,0,0,1 Porsiyon,200,,,no_candidate,RECIPE_OR_TURKISH_MEAL_NEEDS_MANUAL_SOURCE,RECIPE_OR_TURKISH_MEAL_NEEDS_MANUAL_SOURCE | candidate_quality=no_candidate | fiber_100g_zero_placeholder | sugar_100g_zero_placeholder | sodium_mg_100g_zero_placeholder,TÜRKOMP/tarif hesabı gerekir
42,Cacık,Yemek,,51.5,2.8,3.5,2.9,0,0,0,1 Kase,200,,,no_candidate,NO_CANDIDATE_KEEP_CURRENT_PENDING,NO_CANDIDATE_KEEP_CURRENT_PENDING | candidate_quality=no_candidate | fiber_100g_zero_placeholder | sugar_100g_zero_placeholder | sodium_mg_100g_zero_placeholder,Kaynak bulunana kadar pending kalsın
43,Baklava,Baklagil,Tatlı,427.5,5.25,52,22,0,0,0,1 Adet,40,,,no_candidate,NO_CANDIDATE_KEEP_CURRENT_PENDING,NO_CANDIDATE_KEEP_CURRENT_PENDING | candidate_quality=no_candidate | sugar_likely_placeholder_zero; fiber_likely_placeholder_zero | category_mismatch: Baklagil -> Tatlı | fiber_100g_zero_placeholder | sugar_100g_zero_placeholder | sodium_mg_100g_zero_placeholder,Kategori düzelt + değer kontrol
44,Künefe,Tatlı,,356,8,45,16,0,0,0,1 Porsiyon,200,,,no_candidate,NO_CANDIDATE_KEEP_CURRENT_PENDING,NO_CANDIDATE_KEEP_CURRENT_PENDING | candidate_quality=no_candidate | sugar_likely_placeholder_zero | fiber_100g_zero_placeholder | sugar_100g_zero_placeholder | sodium_mg_100g_zero_placeholder,Kaynak bulunana kadar pending kalsın
45,Elma,Meyve,,57.7778,0.2778,13.7778,0.1667,0,0,0,1 Adet,180,"Bebek Maması, Bebek/Çocuk Elma Doğranmış",50.0,bad_candidate_keyword,REJECT_USDA_CANDIDATE_KEEP_CURRENT_PENDING,REJECT_USDA_CANDIDATE_KEEP_CURRENT_PENDING | candidate_quality=bad_candidate_keyword | sugar_likely_placeholder_zero; fiber_likely_placeholder_zero | fiber_100g_zero_placeholder | sugar_100g_zero_placeholder | sodium_mg_100g_zero_placeholder,USDA adayı reddedilsin; doğru kaynak tekrar aranmalı
46,Muz,Meyve,,98.3333,1.0833,22.8333,0.3333,0,0,0,1 Adet,120,"Bebek Maması, Elma-Muz Suyu",51.0,bad_candidate_keyword,REJECT_USDA_CANDIDATE_KEEP_CURRENT_PENDING,REJECT_USDA_CANDIDATE_KEEP_CURRENT_PENDING | candidate_quality=bad_candidate_keyword | sugar_likely_placeholder_zero; fiber_likely_placeholder_zero | fiber_100g_zero_placeholder | sugar_100g_zero_placeholder | sodium_mg_100g_zero_placeholder,USDA adayı reddedilsin; doğru kaynak tekrar aranmalı
47,Çiğ Köfte (Ev Yapımı),Et & Tavuk,,177.3333,5,28,5,0,0,0,1 Porsiyon,150,,,no_candidate,RECIPE_OR_TURKISH_MEAL_NEEDS_MANUAL_SOURCE,RECIPE_OR_TURKISH_MEAL_NEEDS_MANUAL_SOURCE | candidate_quality=no_candidate | fiber_100g_zero_placeholder | sugar_100g_zero_placeholder | sodium_mg_100g_zero_placeholder,TÜRKOMP/tarif hesabı gerekir
48,Gözleme (Peynirli),Süt Ürünleri,Tahıl & Ekmek,286.6667,10.8,33.5333,12.1333,0,0,0,1 Adet,150,,,no_candidate,NO_CANDIDATE_KEEP_CURRENT_PENDING,NO_CANDIDATE_KEEP_CURRENT_PENDING | candidate_quality=no_candidate | category_mismatch: Süt Ürünleri -> Tahıl & Ekmek | fiber_100g_zero_placeholder | sugar_100g_zero_placeholder | sodium_mg_100g_zero_placeholder,Kategori düzelt + değer kontrol
49,Portakal,Meyve,,52.6667,0.9333,12,0.1333,0,0,0,1 Adet,150,"Bebek Maması, Suyu Portakal",45.0,bad_candidate_keyword,REJECT_USDA_CANDIDATE_KEEP_CURRENT_PENDING,REJECT_USDA_CANDIDATE_KEEP_CURRENT_PENDING | candidate_quality=bad_candidate_keyword | sugar_likely_placeholder_zero; fiber_likely_placeholder_zero | fiber_100g_zero_placeholder | sugar_100g_zero_placeholder | sodium_mg_100g_zero_placeholder,USDA adayı reddedilsin; doğru kaynak tekrar aranmalı
50,Mandalina,Meyve,,58.6667,0.8,13.3333,0.2667,0,0,0,1 Adet,75,Çiğ Klementin Mandalina,47.0,likely_related,LIKELY_OK_OR_USDA_CLOSE,LIKELY_OK_OR_USDA_CLOSE | candidate_quality=likely_related | sugar_likely_placeholder_zero; fiber_likely_placeholder_zero | fiber_100g_zero_placeholder | sugar_100g_zero_placeholder | sodium_mg_100g_zero_placeholder,USDA eşleşmesini elle onayla; uygunsa verified yap
51,Çilek,Meyve,,36.6667,0.6667,7.7333,0.3333,0,0,0,1 Kase,150,Çiğ Çilek,31.0,likely_related,LIKELY_OK_OR_USDA_CLOSE,LIKELY_OK_OR_USDA_CLOSE | candidate_quality=likely_related | sugar_likely_placeholder_zero; fiber_likely_placeholder_zero | fiber_100g_zero_placeholder | sugar_100g_zero_placeholder | sodium_mg_100g_zero_placeholder,USDA eşleşmesini elle onayla; uygunsa verified yap
52,Üzüm,Meyve,,76.6667,0.6667,18,0.2,0,0,0,1 Kase,150,"Asma Yaprağı, Çiğ",93.0,bad_candidate_keyword,REJECT_USDA_CANDIDATE_KEEP_CURRENT_PENDING,REJECT_USDA_CANDIDATE_KEEP_CURRENT_PENDING | candidate_quality=bad_candidate_keyword | sugar_likely_placeholder_zero; fiber_likely_placeholder_zero | fiber_100g_zero_placeholder | sugar_100g_zero_placeholder | sodium_mg_100g_zero_placeholder,USDA adayı reddedilsin; doğru kaynak tekrar aranmalı
53,Karpuz,Meyve,,34.5,0.6,7.6,0.2,0,0,0,1 Dilim,200,"Karpuz Çekirdeği, Kurutulmuş",557.0,bad_candidate_keyword,REJECT_USDA_CANDIDATE_KEEP_CURRENT_PENDING,REJECT_USDA_CANDIDATE_KEEP_CURRENT_PENDING | candidate_quality=bad_candidate_keyword | sugar_likely_placeholder_zero; fiber_likely_placeholder_zero | fiber_100g_zero_placeholder | sugar_100g_zero_placeholder | sodium_mg_100g_zero_placeholder,USDA adayı reddedilsin; doğru kaynak tekrar aranmalı
54,Kavun,Meyve,,38,0.8,8.2,0.2,0,0,0,1 Dilim,200,Boynuzlu Kavun (Kiwano),44.0,likely_related,LIKELY_OK_OR_USDA_CLOSE,LIKELY_OK_OR_USDA_CLOSE | candidate_quality=likely_related | sugar_likely_placeholder_zero; fiber_likely_placeholder_zero | USDA adayı horned melon/kiwano; normal kavun için uygun olmayabilir. | fiber_100g_zero_placeholder | sugar_100g_zero_placeholder | sodium_mg_100g_zero_placeholder,USDA eşleşmesini elle onayla; uygunsa verified yap
55,Armut,Meyve,,62.9412,0.4118,15,0.1176,0,0,0,1 Adet,170,"Bebek Maması, Bebek/Çocuk Armut Doğranmış",57.0,bad_candidate_keyword,REJECT_USDA_CANDIDATE_KEEP_CURRENT_PENDING,REJECT_USDA_CANDIDATE_KEEP_CURRENT_PENDING | candidate_quality=bad_candidate_keyword | sugar_likely_placeholder_zero; fiber_likely_placeholder_zero | fiber_100g_zero_placeholder | sugar_100g_zero_placeholder | sodium_mg_100g_zero_placeholder,USDA adayı reddedilsin; doğru kaynak tekrar aranmalı
56,Kiraz,Meyve,,70.6667,1.1333,16,0.2,0,0,0,1 Kase,150,"Bebek Maması, Junior Kiraz Cobbler Tatlısı",78.0,bad_candidate_keyword,REJECT_USDA_CANDIDATE_KEEP_CURRENT_PENDING,REJECT_USDA_CANDIDATE_KEEP_CURRENT_PENDING | candidate_quality=bad_candidate_keyword | sugar_likely_placeholder_zero; fiber_likely_placeholder_zero | fiber_100g_zero_placeholder | sugar_100g_zero_placeholder | sodium_mg_100g_zero_placeholder,USDA adayı reddedilsin; doğru kaynak tekrar aranmalı
57,Erik,Meyve,,50.7692,0.7692,11.3846,0.3077,0,0,0,1 Adet,65,"Bebek Maması, Junior Meyve Erik ile Tapyoka",74.0,bad_candidate_keyword,REJECT_USDA_CANDIDATE_KEEP_CURRENT_PENDING,REJECT_USDA_CANDIDATE_KEEP_CURRENT_PENDING | candidate_quality=bad_candidate_keyword | sugar_likely_placeholder_zero; fiber_likely_placeholder_zero | fiber_100g_zero_placeholder | sugar_100g_zero_placeholder | sodium_mg_100g_zero_placeholder,USDA adayı reddedilsin; doğru kaynak tekrar aranmalı
58,İncir (Taze),Meyve,,84,0.8,19.2,0.4,0,0,0,1 Adet,50,Çiğ İncir,74.0,likely_related,LIKELY_OK_OR_USDA_CLOSE,LIKELY_OK_OR_USDA_CLOSE | candidate_quality=likely_related | sugar_likely_placeholder_zero; fiber_likely_placeholder_zero | fiber_100g_zero_placeholder | sugar_100g_zero_placeholder | sodium_mg_100g_zero_placeholder,USDA eşleşmesini elle onayla; uygunsa verified yap
59,Nar,Meyve,,92,1.7,18.7,1.2,0,0,0,1 Kase,100,Çiğ Nar,83.0,likely_related,LIKELY_OK_OR_USDA_CLOSE,LIKELY_OK_OR_USDA_CLOSE | candidate_quality=likely_related | sugar_likely_placeholder_zero; fiber_likely_placeholder_zero | fiber_100g_zero_placeholder | sugar_100g_zero_placeholder | sodium_mg_100g_zero_placeholder,USDA eşleşmesini elle onayla; uygunsa verified yap
60,Kivi,Meyve,,68,1.0667,14.6667,0.5333,0,0,0,1 Adet,75,Çiğ Kivi,58.0,likely_related,LIKELY_OK_OR_USDA_CLOSE,LIKELY_OK_OR_USDA_CLOSE | candidate_quality=likely_related | sugar_likely_placeholder_zero; fiber_likely_placeholder_zero | fiber_100g_zero_placeholder | sugar_100g_zero_placeholder | sodium_mg_100g_zero_placeholder,USDA eşleşmesini elle onayla; uygunsa verified yap
61,Ananas,Meyve,,55,0.5,13.1,0.1,0,0,0,1 Dilim,100,Ananas-greyfurt suyu içeceği,47.0,bad_candidate_keyword,REJECT_USDA_CANDIDATE_KEEP_CURRENT_PENDING,REJECT_USDA_CANDIDATE_KEEP_CURRENT_PENDING | candidate_quality=bad_candidate_keyword | sugar_likely_placeholder_zero; fiber_likely_placeholder_zero | fiber_100g_zero_placeholder | sugar_100g_zero_placeholder | sodium_mg_100g_zero_placeholder,USDA adayı reddedilsin; doğru kaynak tekrar aranmalı
62,Kayısı (Taze),Genel,,54.2857,1.4286,11.1429,0.2857,0,0,0,1 Adet,35,,,no_candidate,NO_CANDIDATE_KEEP_CURRENT_PENDING,NO_CANDIDATE_KEEP_CURRENT_PENDING | candidate_quality=no_candidate | fiber_100g_zero_placeholder | sugar_100g_zero_placeholder | sodium_mg_100g_zero_placeholder,Kaynak bulunana kadar pending kalsın
63,Hurma (Medjool),Meyve,,308.3333,1.6667,75,0,0,0,0,1 Adet,24,Medjool Hurması,277.0,likely_related,LIKELY_OK_OR_USDA_CLOSE,LIKELY_OK_OR_USDA_CLOSE | candidate_quality=likely_related | sugar_likely_placeholder_zero; fiber_likely_placeholder_zero | fiber_100g_zero_placeholder | sugar_100g_zero_placeholder | sodium_mg_100g_zero_placeholder,USDA eşleşmesini elle onayla; uygunsa verified yap
64,Greyfurt,Meyve,,47.3333,0.8,10.6667,0.1333,0,0,0,1 Adet,150,Ananas-greyfurt suyu içeceği,47.0,bad_candidate_keyword,REJECT_USDA_CANDIDATE_KEEP_CURRENT_PENDING,REJECT_USDA_CANDIDATE_KEEP_CURRENT_PENDING | candidate_quality=bad_candidate_keyword | sugar_likely_placeholder_zero; fiber_likely_placeholder_zero | fiber_100g_zero_placeholder | sugar_100g_zero_placeholder | sodium_mg_100g_zero_placeholder,USDA adayı reddedilsin; doğru kaynak tekrar aranmalı
65,Domates,Sebze,,20.8333,0.9167,3.9167,0.1667,0,0,0,1 Adet,120,Az Yağlı Etli Peynirli Domates Soslu Börek,215.0,bad_candidate_keyword,REJECT_USDA_CANDIDATE_KEEP_CURRENT_PENDING,REJECT_USDA_CANDIDATE_KEEP_CURRENT_PENDING | candidate_quality=bad_candidate_keyword | fiber_100g_zero_placeholder | sugar_100g_zero_placeholder | sodium_mg_100g_zero_placeholder,USDA adayı reddedilsin; doğru kaynak tekrar aranmalı
66,Salatalık,Sebze,,18,0.7,3.6,0.1,0,0,0,1 Adet,200,"Aspir yağı, yemeklik ve salatalık",884.0,bad_candidate_keyword,RECIPE_OR_TURKISH_MEAL_NEEDS_MANUAL_SOURCE,RECIPE_OR_TURKISH_MEAL_NEEDS_MANUAL_SOURCE | candidate_quality=bad_candidate_keyword | fiber_100g_zero_placeholder | sugar_100g_zero_placeholder | sodium_mg_100g_zero_placeholder,TÜRKOMP/tarif hesabı gerekir
67,Marul,Sebze,,17,0.9,3,0.1,0,0,0,1 Kase,100,Çiğ Iceberg Marul,17.1088,likely_related,LIKELY_OK_OR_USDA_CLOSE,LIKELY_OK_OR_USDA_CLOSE | candidate_quality=likely_related | fiber_100g_zero_placeholder | sugar_100g_zero_placeholder | sodium_mg_100g_zero_placeholder,USDA eşleşmesini elle onayla; uygunsa verified yap
68,Havuç,Sebze,,43.3333,0.8333,9.6667,0.1667,0,0,0,1 Adet,60,"Bebek Maması, Bebek/Çocuk Havuç",21.0,bad_candidate_keyword,REJECT_USDA_CANDIDATE_KEEP_CURRENT_PENDING,REJECT_USDA_CANDIDATE_KEEP_CURRENT_PENDING | candidate_quality=bad_candidate_keyword | fiber_likely_placeholder_zero | fiber_100g_zero_placeholder | sugar_100g_zero_placeholder | sodium_mg_100g_zero_placeholder,USDA adayı reddedilsin; doğru kaynak tekrar aranmalı
69,Brokoli (Haşlanmış),Sebze,,42,2.4,7.2,0.4,0,0,0,1 Porsiyon,150,Haşlanmış tuzsuz brokoli,35.0,likely_related,LIKELY_OK_OR_USDA_CLOSE,LIKELY_OK_OR_USDA_CLOSE | candidate_quality=likely_related | fiber_likely_placeholder_zero | fiber_100g_zero_placeholder | sugar_100g_zero_placeholder | sodium_mg_100g_zero_placeholder,USDA eşleşmesini elle onayla; uygunsa verified yap
70,Karnabahar (Haşlanmış),Sebze,,28,1.8,4.0667,0.5333,0,0,0,1 Porsiyon,150,"Karnabahar, Tuzsuz Haşlanmış",23.0,likely_related,LIKELY_OK_OR_USDA_CLOSE,LIKELY_OK_OR_USDA_CLOSE | candidate_quality=likely_related | fiber_100g_zero_placeholder | sugar_100g_zero_placeholder | sodium_mg_100g_zero_placeholder,USDA eşleşmesini elle onayla; uygunsa verified yap
71,Kabak (Havuç),Sebze,Sebze,20,1.2,3.1,0.3,0,0,0,1 Porsiyon,200,,,no_candidate,NO_CANDIDATE_KEEP_CURRENT_PENDING,NO_CANDIDATE_KEEP_CURRENT_PENDING | candidate_quality=no_candidate | İsim hatalı/karışmış görünüyor: kabak mı havuç mu belli değil. | fiber_100g_zero_placeholder | sugar_100g_zero_placeholder | sodium_mg_100g_zero_placeholder,DÜZELTME ÖNCELİĞİ YÜKSEK
72,Patlıcan (Izgara),Sebze,,40,0.7778,8.7222,0.2222,0,0,0,1 Porsiyon,180,,,no_candidate,NO_CANDIDATE_KEEP_CURRENT_PENDING,NO_CANDIDATE_KEEP_CURRENT_PENDING | candidate_quality=no_candidate | fiber_likely_placeholder_zero | fiber_100g_zero_placeholder | sugar_100g_zero_placeholder | sodium_mg_100g_zero_placeholder,Kaynak bulunana kadar pending kalsın
73,Biber (Dolmalık),Sebze,,24,0.9,4.6,0.2,0,0,0,1 Adet,100,Çiğ Kırmızı Dolmalık Biber,26.0,likely_related,RECIPE_OR_TURKISH_MEAL_NEEDS_MANUAL_SOURCE,RECIPE_OR_TURKISH_MEAL_NEEDS_MANUAL_SOURCE | candidate_quality=likely_related | fiber_100g_zero_placeholder | sugar_100g_zero_placeholder | sodium_mg_100g_zero_placeholder,TÜRKOMP/tarif hesabı gerekir
74,Roka,Sebze,,32.5,2.625,3.75,0.75,0,0,0,1 Kase,80,Çiğ Roka,30.993,likely_related,LIKELY_OK_OR_USDA_CLOSE,LIKELY_OK_OR_USDA_CLOSE | candidate_quality=likely_related | fiber_100g_zero_placeholder | sugar_100g_zero_placeholder | sodium_mg_100g_zero_placeholder,USDA eşleşmesini elle onayla; uygunsa verified yap
75,Mantar (Beyaz),Sebze,,28,3.1,3.3,0.3,0,0,0,1 Kase,100,"Beyaz mantar, çiğ",22.0,likely_related,USDA_RELATED_BUT_VALUES_DIFFER_REVIEW,USDA_RELATED_BUT_VALUES_DIFFER_REVIEW | candidate_quality=likely_related | fiber_100g_zero_placeholder | sugar_100g_zero_placeholder | sodium_mg_100g_zero_placeholder,USDA adayını elle kontrol et; pişmiş/çiğ farkını netleştir
76,Patates (Haşlanmış),Sebze,,89.3333,1.8667,20.1333,0.1333,0,0,0,1 Adet,150,,,no_candidate,NO_CANDIDATE_KEEP_CURRENT_PENDING,NO_CANDIDATE_KEEP_CURRENT_PENDING | candidate_quality=no_candidate | fiber_likely_placeholder_zero | fiber_100g_zero_placeholder | sugar_100g_zero_placeholder | sodium_mg_100g_zero_placeholder,Kaynak bulunana kadar pending kalsın
77,Mısır (Haşlanmış),Sebze,,111,3.4,21,1.5,0,0,0,1 Adet,100,,,no_candidate,NO_CANDIDATE_KEEP_CURRENT_PENDING,NO_CANDIDATE_KEEP_CURRENT_PENDING | candidate_quality=no_candidate | fiber_likely_placeholder_zero | fiber_100g_zero_placeholder | sugar_100g_zero_placeholder | sodium_mg_100g_zero_placeholder,Kaynak bulunana kadar pending kalsın
78,Bezelye (Haşlanmış),Sebze,,86,5.4,15.6,0.2,0,0,0,1 Kase,150,,,no_candidate,NO_CANDIDATE_KEEP_CURRENT_PENDING,NO_CANDIDATE_KEEP_CURRENT_PENDING | candidate_quality=no_candidate | fiber_likely_placeholder_zero | fiber_100g_zero_placeholder | sugar_100g_zero_placeholder | sodium_mg_100g_zero_placeholder,Kaynak bulunana kadar pending kalsın
79,Dana Biftek (Izgara),Et & Tavuk,,266,26,0,18,0,0,0,1 Porsiyon,150,,,no_candidate,NO_CANDIDATE_KEEP_CURRENT_PENDING,NO_CANDIDATE_KEEP_CURRENT_PENDING | candidate_quality=no_candidate | fiber_100g_zero_placeholder | sugar_100g_zero_placeholder | sodium_mg_100g_zero_placeholder,Kaynak bulunana kadar pending kalsın
80,Kuzu Pirzola (Izgara),Et & Tavuk,,289.1667,25,0,21,0,0,0,1 Porsiyon,120,,,no_candidate,NO_CANDIDATE_KEEP_CURRENT_PENDING,NO_CANDIDATE_KEEP_CURRENT_PENDING | candidate_quality=no_candidate | fiber_100g_zero_placeholder | sugar_100g_zero_placeholder | sodium_mg_100g_zero_placeholder,Kaynak bulunana kadar pending kalsın
81,Dana Kıyma (%15 Yağ),Et & Tavuk,,239.3333,26,0,15,0,0,0,1 Porsiyon,150,,,no_candidate,NO_CANDIDATE_KEEP_CURRENT_PENDING,NO_CANDIDATE_KEEP_CURRENT_PENDING | candidate_quality=no_candidate | fiber_100g_zero_placeholder | sugar_100g_zero_placeholder | sodium_mg_100g_zero_placeholder,Kaynak bulunana kadar pending kalsın
82,Hindi Göğsü (Izgara),Et & Tavuk,,129.3333,30,0,1,0,0,0,1 Porsiyon,150,,,no_candidate,NO_CANDIDATE_KEEP_CURRENT_PENDING,NO_CANDIDATE_KEEP_CURRENT_PENDING | candidate_quality=no_candidate | fiber_100g_zero_placeholder | sugar_100g_zero_placeholder | sodium_mg_100g_zero_placeholder,Kaynak bulunana kadar pending kalsın
83,Tavuk Kanat (Fırın),Et & Tavuk,,215,20,0,15,0,0,0,1 Porsiyon,200,,,no_candidate,NO_CANDIDATE_KEEP_CURRENT_PENDING,NO_CANDIDATE_KEEP_CURRENT_PENDING | candidate_quality=no_candidate | fiber_100g_zero_placeholder | sugar_100g_zero_placeholder | sodium_mg_100g_zero_placeholder,Kaynak bulunana kadar pending kalsın
84,"Ton Balığı (Konserve, Suda)",Balık & Deniz,,113,26,0,1,0,0,0,1 Porsiyon,100,Konserve Suda Beyaz Ton Balığı,128.0,likely_related,LIKELY_OK_OR_USDA_CLOSE,LIKELY_OK_OR_USDA_CLOSE | candidate_quality=likely_related | fiber_100g_zero_placeholder | sugar_100g_zero_placeholder | sodium_mg_100g_zero_placeholder,USDA eşleşmesini elle onayla; uygunsa verified yap
85,Levrek (Izgara),Balık & Deniz,,119.3333,24,0,2.6,0,0,0,1 Porsiyon,150,,,no_candidate,NO_CANDIDATE_KEEP_CURRENT_PENDING,NO_CANDIDATE_KEEP_CURRENT_PENDING | candidate_quality=no_candidate | fiber_100g_zero_placeholder | sugar_100g_zero_placeholder | sodium_mg_100g_zero_placeholder,Kaynak bulunana kadar pending kalsın
86,Çupra (Izgara),Balık & Deniz,,124.6667,21,0,4.5333,0,0,0,1 Porsiyon,150,,,no_candidate,NO_CANDIDATE_KEEP_CURRENT_PENDING,NO_CANDIDATE_KEEP_CURRENT_PENDING | candidate_quality=no_candidate | fiber_100g_zero_placeholder | sugar_100g_zero_placeholder | sodium_mg_100g_zero_placeholder,Kaynak bulunana kadar pending kalsın
87,Hamsi (Kızartma),Balık & Deniz,,205,22,0,13,0,0,0,1 Porsiyon,100,,,no_candidate,RECIPE_OR_TURKISH_MEAL_NEEDS_MANUAL_SOURCE,RECIPE_OR_TURKISH_MEAL_NEEDS_MANUAL_SOURCE | candidate_quality=no_candidate | fiber_100g_zero_placeholder | sugar_100g_zero_placeholder | sodium_mg_100g_zero_placeholder,TÜRKOMP/tarif hesabı gerekir
88,Karides (Haşlanmış),Balık & Deniz,,99.1667,24,0,0.3333,0,0,0,1 Porsiyon,120,,,no_candidate,NO_CANDIDATE_KEEP_CURRENT_PENDING,NO_CANDIDATE_KEEP_CURRENT_PENDING | candidate_quality=no_candidate | fiber_100g_zero_placeholder | sugar_100g_zero_placeholder | sodium_mg_100g_zero_placeholder,Kaynak bulunana kadar pending kalsın
89,Adana Kebap,Et & Tavuk,,249.3333,22,2,17,0,0,0,1 Porsiyon,150,,,no_candidate,RECIPE_OR_TURKISH_MEAL_NEEDS_MANUAL_SOURCE,RECIPE_OR_TURKISH_MEAL_NEEDS_MANUAL_SOURCE | candidate_quality=no_candidate | fiber_100g_zero_placeholder | sugar_100g_zero_placeholder | sodium_mg_100g_zero_placeholder,TÜRKOMP/tarif hesabı gerekir
90,Şiş Kebap (Kuzu),Et & Tavuk,,217.3333,24,1,13,0,0,0,1 Porsiyon,150,,,no_candidate,RECIPE_OR_TURKISH_MEAL_NEEDS_MANUAL_SOURCE,RECIPE_OR_TURKISH_MEAL_NEEDS_MANUAL_SOURCE | candidate_quality=no_candidate | fiber_100g_zero_placeholder | sugar_100g_zero_placeholder | sodium_mg_100g_zero_placeholder,TÜRKOMP/tarif hesabı gerekir
91,Pastırma,Et & Tavuk,,240,29.3333,1.3333,13.3333,0,0,0,1 Dilim,15,Pastırma,147.0,likely_related,USDA_RELATED_BUT_VALUES_DIFFER_REVIEW,USDA_RELATED_BUT_VALUES_DIFFER_REVIEW | candidate_quality=likely_related | fiber_100g_zero_placeholder | sugar_100g_zero_placeholder | sodium_mg_100g_zero_placeholder,USDA adayını elle kontrol et; pişmiş/çiğ farkını netleştir
92,Sucuk,Et & Tavuk,,442,23,2,38,0,0,0,1 Dilim,50,,,no_candidate,NO_CANDIDATE_KEEP_CURRENT_PENDING,NO_CANDIDATE_KEEP_CURRENT_PENDING | candidate_quality=no_candidate | fiber_100g_zero_placeholder | sugar_100g_zero_placeholder | sodium_mg_100g_zero_placeholder,Kaynak bulunana kadar pending kalsın
93,Kaşar Peyniri,Süt Ürünleri,,380,25.2,2,30,0,0,0,1 Dilim,25,,,no_candidate,NO_CANDIDATE_KEEP_CURRENT_PENDING,NO_CANDIDATE_KEEP_CURRENT_PENDING | candidate_quality=no_candidate | fiber_100g_zero_placeholder | sugar_100g_zero_placeholder | sodium_mg_100g_zero_placeholder,Kaynak bulunana kadar pending kalsın
94,Labne,Süt Ürünleri,,184,6,4,16,0,0,0,1 Kase,100,,,no_candidate,NO_CANDIDATE_KEEP_CURRENT_PENDING,NO_CANDIDATE_KEEP_CURRENT_PENDING | candidate_quality=no_candidate | fiber_100g_zero_placeholder | sugar_100g_zero_placeholder | sodium_mg_100g_zero_placeholder,Kaynak bulunana kadar pending kalsın
95,Kefir,Süt Ürünleri,,63.5,3.3,4.7,3.5,0,0,0,1 Bardak,200,,,no_candidate,NO_CANDIDATE_KEEP_CURRENT_PENDING,NO_CANDIDATE_KEEP_CURRENT_PENDING | candidate_quality=no_candidate | fiber_100g_zero_placeholder | sugar_100g_zero_placeholder | sodium_mg_100g_zero_placeholder,Kaynak bulunana kadar pending kalsın
96,Süzme Yoğurt,Süt Ürünleri,,99.3333,10,3.6,5,0,0,0,1 Kase,150,Az Yağlı Sade Süzme Yoğurt,73.0,likely_related,USDA_RELATED_BUT_VALUES_DIFFER_REVIEW,USDA_RELATED_BUT_VALUES_DIFFER_REVIEW | candidate_quality=likely_related | fiber_100g_zero_placeholder | sugar_100g_zero_placeholder | sodium_mg_100g_zero_placeholder,USDA adayını elle kontrol et; pişmiş/çiğ farkını netleştir
97,Tereyağı,Süt Ürünleri,,730,1,0,81,0,0,0,1 Dilim,10,Az Kalorili Bitkisel Yağlı Tereyağı Sürülebilir,465.0,bad_candidate_keyword,REJECT_USDA_CANDIDATE_KEEP_CURRENT_PENDING,REJECT_USDA_CANDIDATE_KEEP_CURRENT_PENDING | candidate_quality=bad_candidate_keyword | fiber_100g_zero_placeholder | sugar_100g_zero_placeholder | sodium_mg_100g_zero_placeholder,USDA adayı reddedilsin; doğru kaynak tekrar aranmalı
98,Krema (%35),Süt Ürünleri,,340,2,2.6667,36,0,0,0,1 Porsiyon,15,,,no_candidate,NO_CANDIDATE_KEEP_CURRENT_PENDING,NO_CANDIDATE_KEEP_CURRENT_PENDING | candidate_quality=no_candidate | fiber_100g_zero_placeholder | sugar_100g_zero_placeholder | sodium_mg_100g_zero_placeholder,Kaynak bulunana kadar pending kalsın
99,Beyaz Ekmek,Tahıl & Ekmek,,263.3333,9,49,3.3333,0,0,0,1 Dilim,30,Beyaz Ekmek,270.0,likely_related,LIKELY_OK_OR_USDA_CLOSE,LIKELY_OK_OR_USDA_CLOSE | candidate_quality=likely_related | fiber_likely_placeholder_zero | fiber_100g_zero_placeholder | sugar_100g_zero_placeholder | sodium_mg_100g_zero_placeholder,USDA eşleşmesini elle onayla; uygunsa verified yap
100,Bazlama,Tahıl & Ekmek,,267,8,52,3,0,0,0,1 Adet,100,,,no_candidate,NO_CANDIDATE_KEEP_CURRENT_PENDING,NO_CANDIDATE_KEEP_CURRENT_PENDING | candidate_quality=no_candidate | fiber_likely_placeholder_zero | fiber_100g_zero_placeholder | sugar_100g_zero_placeholder | sodium_mg_100g_zero_placeholder,Kaynak bulunana kadar pending kalsın
101,Lavaş,Tahıl & Ekmek,,278.3333,9,54,3,0,0,0,1 Adet,60,,,no_candidate,NO_CANDIDATE_KEEP_CURRENT_PENDING,NO_CANDIDATE_KEEP_CURRENT_PENDING | candidate_quality=no_candidate | fiber_likely_placeholder_zero | fiber_100g_zero_placeholder | sugar_100g_zero_placeholder | sodium_mg_100g_zero_placeholder,Kaynak bulunana kadar pending kalsın
102,Nohutlu Pilav,Tahıl & Ekmek,,166,4.5,28,4,0,0,0,1 Porsiyon,200,,,no_candidate,NO_CANDIDATE_KEEP_CURRENT_PENDING,NO_CANDIDATE_KEEP_CURRENT_PENDING | candidate_quality=no_candidate | fiber_likely_placeholder_zero | fiber_100g_zero_placeholder | sugar_100g_zero_placeholder | sodium_mg_100g_zero_placeholder,Kaynak bulunana kadar pending kalsın
103,Mısır Gevreği,Sebze,Kahvaltılık,400,9,84,3,0,0,0,1 Kase,40,Çikolatalı Şeker Kaplı Puf Mısır Gevreği,405.0,bad_candidate_keyword,REJECT_USDA_CANDIDATE_KEEP_CURRENT_PENDING,REJECT_USDA_CANDIDATE_KEEP_CURRENT_PENDING | candidate_quality=bad_candidate_keyword | fiber_likely_placeholder_zero | category_mismatch: Sebze -> Kahvaltılık | fiber_100g_zero_placeholder | sugar_100g_zero_placeholder | sodium_mg_100g_zero_placeholder,Kategori düzelt + değer kontrol
104,Granola,Tahıl & Ekmek,,476,10,64,20,0,0,0,1 Kase,50,Ev Yapımı Granola,489.0,likely_related,LIKELY_OK_OR_USDA_CLOSE,LIKELY_OK_OR_USDA_CLOSE | candidate_quality=likely_related | fiber_likely_placeholder_zero | fiber_100g_zero_placeholder | sugar_100g_zero_placeholder | sodium_mg_100g_zero_placeholder,USDA eşleşmesini elle onayla; uygunsa verified yap
105,Ceviz,Kuruyemiş,,700,15,15,65,0,0,0,1 Adet,4,"Beyaz ceviz, kurutulmuş",612.0,likely_related,LIKELY_OK_OR_USDA_CLOSE,LIKELY_OK_OR_USDA_CLOSE | candidate_quality=likely_related | portion_grams_extreme(4.0) | fiber_100g_zero_placeholder | sugar_100g_zero_placeholder | sodium_mg_100g_zero_placeholder,USDA eşleşmesini elle onayla; uygunsa verified yap
106,Fındık,Kuruyemiş,,550,15,15,50,0,0,0,1 Adet,2,Çikolatalı Fındık Kreması,539.0,likely_related,LIKELY_OK_OR_USDA_CLOSE,LIKELY_OK_OR_USDA_CLOSE | candidate_quality=likely_related | portion_grams_extreme(2.0) | fiber_100g_zero_placeholder | sugar_100g_zero_placeholder | sodium_mg_100g_zero_placeholder,USDA eşleşmesini elle onayla; uygunsa verified yap
107,Fıstık,Kuruyemiş,,620,26,16,50,0,0,0,1 Adet,5,Az Yağlı Fıstık Ezmeli Sandviç Kraker,437.0,bad_candidate_keyword,REJECT_USDA_CANDIDATE_KEEP_CURRENT_PENDING,REJECT_USDA_CANDIDATE_KEEP_CURRENT_PENDING | candidate_quality=bad_candidate_keyword | fiber_100g_zero_placeholder | sugar_100g_zero_placeholder | sodium_mg_100g_zero_placeholder,USDA adayı reddedilsin; doğru kaynak tekrar aranmalı
108,Ay Çekirdeği (Çekilmiş),Genel,,623.3333,21,20,51,0,0,0,1 Kase,30,,,no_candidate,NO_CANDIDATE_KEEP_CURRENT_PENDING,NO_CANDIDATE_KEEP_CURRENT_PENDING | candidate_quality=no_candidate | fiber_100g_zero_placeholder | sugar_100g_zero_placeholder | sodium_mg_100g_zero_placeholder,Kaynak bulunana kadar pending kalsın
109,Chia Tohumu,Kuruyemiş,,508.3333,16.6667,41.6667,30.8333,0,0,0,1 Porsiyon,12,Kuru Çiğ Chia Tohumu,517.154,likely_related,LIKELY_OK_OR_USDA_CLOSE,LIKELY_OK_OR_USDA_CLOSE | candidate_quality=likely_related | fiber_100g_zero_placeholder | sugar_100g_zero_placeholder | sodium_mg_100g_zero_placeholder,USDA eşleşmesini elle onayla; uygunsa verified yap
110,Zeytinyağlı Fasulye,Baklagil,,96,2.5,8,6,0,0,0,1 Tabak,200,,,no_candidate,NO_CANDIDATE_KEEP_CURRENT_PENDING,NO_CANDIDATE_KEEP_CURRENT_PENDING | candidate_quality=no_candidate | fiber_likely_placeholder_zero | fiber_100g_zero_placeholder | sugar_100g_zero_placeholder | sodium_mg_100g_zero_placeholder,Kaynak bulunana kadar pending kalsın
111,İmam Bayıldı,Yemek,,83.6,1.52,7,5.52,0,0,0,1 Porsiyon,250,,,no_candidate,NO_CANDIDATE_KEEP_CURRENT_PENDING,NO_CANDIDATE_KEEP_CURRENT_PENDING | candidate_quality=no_candidate | fiber_100g_zero_placeholder | sugar_100g_zero_placeholder | sodium_mg_100g_zero_placeholder,Kaynak bulunana kadar pending kalsın
112,Yaprak Sarma,Yemek,,125.7143,2.8571,18,4.5714,0,0,0,1 Adet,35,,,no_candidate,RECIPE_OR_TURKISH_MEAL_NEEDS_MANUAL_SOURCE,RECIPE_OR_TURKISH_MEAL_NEEDS_MANUAL_SOURCE | candidate_quality=no_candidate | fiber_100g_zero_placeholder | sugar_100g_zero_placeholder | sodium_mg_100g_zero_placeholder,TÜRKOMP/tarif hesabı gerekir
113,Dolma (Biber),Sebze,,108,2.5333,12,5.5333,0,0,0,1 Adet,150,,,no_candidate,RECIPE_OR_TURKISH_MEAL_NEEDS_MANUAL_SOURCE,RECIPE_OR_TURKISH_MEAL_NEEDS_MANUAL_SOURCE | candidate_quality=no_candidate | fiber_likely_placeholder_zero | fiber_100g_zero_placeholder | sugar_100g_zero_placeholder | sodium_mg_100g_zero_placeholder,TÜRKOMP/tarif hesabı gerekir
114,Hünkar Beğendi,Genel,,145.2,6,10,9,0,0,0,1 Porsiyon,250,,,no_candidate,NO_CANDIDATE_KEEP_CURRENT_PENDING,NO_CANDIDATE_KEEP_CURRENT_PENDING | candidate_quality=no_candidate | fiber_100g_zero_placeholder | sugar_100g_zero_placeholder | sodium_mg_100g_zero_placeholder,Kaynak bulunana kadar pending kalsın
115,Etli Nohut,Baklagil,,150,9,15,6,0,0,0,1 Porsiyon,200,,,no_candidate,NO_CANDIDATE_KEEP_CURRENT_PENDING,NO_CANDIDATE_KEEP_CURRENT_PENDING | candidate_quality=no_candidate | fiber_likely_placeholder_zero | fiber_100g_zero_placeholder | sugar_100g_zero_placeholder | sodium_mg_100g_zero_placeholder,Kaynak bulunana kadar pending kalsın
116,Ezogelin Çorbası,Çorba,,61.6,3,9,1.52,0,0,0,1 Kase,250,,,no_candidate,RECIPE_OR_TURKISH_MEAL_NEEDS_MANUAL_SOURCE,RECIPE_OR_TURKISH_MEAL_NEEDS_MANUAL_SOURCE | candidate_quality=no_candidate | fiber_100g_zero_placeholder | sugar_100g_zero_placeholder | sodium_mg_100g_zero_placeholder,TÜRKOMP/tarif hesabı gerekir
117,Tarhana Çorbası,Çorba,,52.8,2.52,8,1.2,0,0,0,1 Kase,250,,,no_candidate,RECIPE_OR_TURKISH_MEAL_NEEDS_MANUAL_SOURCE,RECIPE_OR_TURKISH_MEAL_NEEDS_MANUAL_SOURCE | candidate_quality=no_candidate | fiber_100g_zero_placeholder | sugar_100g_zero_placeholder | sodium_mg_100g_zero_placeholder,TÜRKOMP/tarif hesabı gerekir
118,İşkembe Çorbası,Çorba,,48.8,4.52,2,2.52,0,0,0,1 Kase,250,,,no_candidate,RECIPE_OR_TURKISH_MEAL_NEEDS_MANUAL_SOURCE,RECIPE_OR_TURKISH_MEAL_NEEDS_MANUAL_SOURCE | candidate_quality=no_candidate | fiber_100g_zero_placeholder | sugar_100g_zero_placeholder | sodium_mg_100g_zero_placeholder,TÜRKOMP/tarif hesabı gerekir
119,Pilav Üstü Döner (Tavuk),Et & Tavuk,,186,15,18,6,0,0,0,1 Porsiyon,350,,,no_candidate,RECIPE_OR_TURKISH_MEAL_NEEDS_MANUAL_SOURCE,RECIPE_OR_TURKISH_MEAL_NEEDS_MANUAL_SOURCE | candidate_quality=no_candidate | fiber_100g_zero_placeholder | sugar_100g_zero_placeholder | sodium_mg_100g_zero_placeholder,TÜRKOMP/tarif hesabı gerekir
120,Kokoreç,Genel,,318,18,3,26,0,0,0,1 Porsiyon,150,,,no_candidate,RECIPE_OR_TURKISH_MEAL_NEEDS_MANUAL_SOURCE,RECIPE_OR_TURKISH_MEAL_NEEDS_MANUAL_SOURCE | candidate_quality=no_candidate | fiber_100g_zero_placeholder | sugar_100g_zero_placeholder | sodium_mg_100g_zero_placeholder,TÜRKOMP/tarif hesabı gerekir
121,Midye Dolma,Balık & Deniz,,188,12,10,11,0,0,0,1 Adet,50,,,no_candidate,RECIPE_OR_TURKISH_MEAL_NEEDS_MANUAL_SOURCE,RECIPE_OR_TURKISH_MEAL_NEEDS_MANUAL_SOURCE | candidate_quality=no_candidate | fiber_100g_zero_placeholder | sugar_100g_zero_placeholder | sodium_mg_100g_zero_placeholder,TÜRKOMP/tarif hesabı gerekir
122,Mercimek Köftesi,Et & Tavuk,,160,7,24,4,0,0,0,1 Porsiyon,150,,,no_candidate,RECIPE_OR_TURKISH_MEAL_NEEDS_MANUAL_SOURCE,RECIPE_OR_TURKISH_MEAL_NEEDS_MANUAL_SOURCE | candidate_quality=no_candidate | fiber_100g_zero_placeholder | sugar_100g_zero_placeholder | sodium_mg_100g_zero_placeholder,TÜRKOMP/tarif hesabı gerekir
123,Pide (Kıymalı),Tahıl & Ekmek,,292,14,32,12,0,0,0,1 Adet,250,,,no_candidate,RECIPE_OR_TURKISH_MEAL_NEEDS_MANUAL_SOURCE,RECIPE_OR_TURKISH_MEAL_NEEDS_MANUAL_SOURCE | candidate_quality=no_candidate | fiber_likely_placeholder_zero | fiber_100g_zero_placeholder | sugar_100g_zero_placeholder | sodium_mg_100g_zero_placeholder,TÜRKOMP/tarif hesabı gerekir
124,Humus,Baklagil,,178,8,14,10,0,0,0,1 Kase,100,Humus,229.0,likely_related,LIKELY_OK_OR_USDA_CLOSE,LIKELY_OK_OR_USDA_CLOSE | candidate_quality=likely_related | fiber_likely_placeholder_zero | fiber_100g_zero_placeholder | sugar_100g_zero_placeholder | sodium_mg_100g_zero_placeholder,USDA eşleşmesini elle onayla; uygunsa verified yap
125,Revani,Tatlı,,338,5,48,14,0,0,0,1 Dilim,100,,,no_candidate,RECIPE_OR_TURKISH_MEAL_NEEDS_MANUAL_SOURCE,RECIPE_OR_TURKISH_MEAL_NEEDS_MANUAL_SOURCE | candidate_quality=no_candidate | sugar_likely_placeholder_zero | fiber_100g_zero_placeholder | sugar_100g_zero_placeholder | sodium_mg_100g_zero_placeholder,TÜRKOMP/tarif hesabı gerekir
126,Sütlaç,Süt Ürünleri,Tatlı,108.5,3.5,18,2.5,0,0,0,1 Kase,200,,,no_candidate,RECIPE_OR_TURKISH_MEAL_NEEDS_MANUAL_SOURCE,RECIPE_OR_TURKISH_MEAL_NEEDS_MANUAL_SOURCE | candidate_quality=no_candidate | sugar_likely_placeholder_zero | category_mismatch: Süt Ürünleri -> Tatlı | fiber_100g_zero_placeholder | sugar_100g_zero_placeholder | sodium_mg_100g_zero_placeholder,Kategori düzelt + değer kontrol
127,Aşure,Tatlı,,118,3,22,2,0,0,0,1 Kase,250,,,no_candidate,RECIPE_OR_TURKISH_MEAL_NEEDS_MANUAL_SOURCE,RECIPE_OR_TURKISH_MEAL_NEEDS_MANUAL_SOURCE | candidate_quality=no_candidate | sugar_likely_placeholder_zero | fiber_100g_zero_placeholder | sugar_100g_zero_placeholder | sodium_mg_100g_zero_placeholder,TÜRKOMP/tarif hesabı gerekir
128,Helva (Tahin),Tatlı,,552,12,54,32,0,0,0,1 Dilim,50,,,no_candidate,RECIPE_OR_TURKISH_MEAL_NEEDS_MANUAL_SOURCE,RECIPE_OR_TURKISH_MEAL_NEEDS_MANUAL_SOURCE | candidate_quality=no_candidate | sugar_likely_placeholder_zero | fiber_100g_zero_placeholder | sugar_100g_zero_placeholder | sodium_mg_100g_zero_placeholder,TÜRKOMP/tarif hesabı gerekir
129,Lokum,Tatlı,,325,0,81.6667,0,0,0,0,1 Adet,12,,,no_candidate,RECIPE_OR_TURKISH_MEAL_NEEDS_MANUAL_SOURCE,RECIPE_OR_TURKISH_MEAL_NEEDS_MANUAL_SOURCE | candidate_quality=no_candidate | sugar_likely_placeholder_zero | fiber_100g_zero_placeholder | sugar_100g_zero_placeholder | sodium_mg_100g_zero_placeholder,TÜRKOMP/tarif hesabı gerekir
130,Zeytin (Siyah),Yağ & Sos,,128.5714,0.8571,6.2857,11.1429,0,0,0,1 Adet,35,Siyah zeytin,116.0,likely_related,LIKELY_OK_OR_USDA_CLOSE,LIKELY_OK_OR_USDA_CLOSE | candidate_quality=likely_related | fiber_100g_zero_placeholder | sugar_100g_zero_placeholder | sodium_mg_100g_zero_placeholder,USDA eşleşmesini elle onayla; uygunsa verified yap
131,Zeytin (Yeşil),Yağ & Sos,,157.1429,1.1429,3.7143,15.1429,0,0,0,1 Adet,35,Yeşil zeytin,145.0,likely_related,LIKELY_OK_OR_USDA_CLOSE,LIKELY_OK_OR_USDA_CLOSE | candidate_quality=likely_related | fiber_100g_zero_placeholder | sugar_100g_zero_placeholder | sodium_mg_100g_zero_placeholder,USDA eşleşmesini elle onayla; uygunsa verified yap
132,Bal,Genel,,328.5714,0.4762,81.9048,0,0,0,0,1 Porsiyon,21,Bal,304.0,likely_related,LIKELY_OK_OR_USDA_CLOSE,LIKELY_OK_OR_USDA_CLOSE | candidate_quality=likely_related | sugar_likely_placeholder_zero | fiber_100g_zero_placeholder | sugar_100g_zero_placeholder | sodium_mg_100g_zero_placeholder,USDA eşleşmesini elle onayla; uygunsa verified yap
133,Reçel (Kayısı),Genel,,280,0.5,69,0,0,0,0,1 Porsiyon,20,Kayısı Reçeli,242.0,likely_related,LIKELY_OK_OR_USDA_CLOSE,LIKELY_OK_OR_USDA_CLOSE | candidate_quality=likely_related | fiber_100g_zero_placeholder | sugar_100g_zero_placeholder | sodium_mg_100g_zero_placeholder,USDA eşleşmesini elle onayla; uygunsa verified yap
134,Protein Bar,Genel,,395,30,35,15,0,0,0,1 Adet,60,,,no_candidate,NO_CANDIDATE_KEEP_CURRENT_PENDING,NO_CANDIDATE_KEEP_CURRENT_PENDING | candidate_quality=no_candidate | fiber_100g_zero_placeholder | sugar_100g_zero_placeholder | sodium_mg_100g_zero_placeholder,Kaynak bulunana kadar pending kalsın
135,Sosis (Dana),Et & Tavuk,,298.75,12,2,27,0,0,0,1 Adet,80,Ballı Dana Rulo Sosis,182.0,bad_candidate_keyword,REJECT_USDA_CANDIDATE_KEEP_CURRENT_PENDING,REJECT_USDA_CANDIDATE_KEEP_CURRENT_PENDING | candidate_quality=bad_candidate_keyword | fiber_100g_zero_placeholder | sugar_100g_zero_placeholder | sodium_mg_100g_zero_placeholder,USDA adayı reddedilsin; doğru kaynak tekrar aranmalı
136,Tavuk Şiş,Et & Tavuk,,161.3333,28,1,5,0,0,0,1 Porsiyon,150,,,no_candidate,NO_CANDIDATE_KEEP_CURRENT_PENDING,NO_CANDIDATE_KEEP_CURRENT_PENDING | candidate_quality=no_candidate | fiber_100g_zero_placeholder | sugar_100g_zero_placeholder | sodium_mg_100g_zero_placeholder,Kaynak bulunana kadar pending kalsın
137,Fırın Tavuk But,Et & Tavuk,,186.6667,22,0,11,0,0,0,1 Adet,120,,,no_candidate,NO_CANDIDATE_KEEP_CURRENT_PENDING,NO_CANDIDATE_KEEP_CURRENT_PENDING | candidate_quality=no_candidate | fiber_100g_zero_placeholder | sugar_100g_zero_placeholder | sodium_mg_100g_zero_placeholder,Kaynak bulunana kadar pending kalsın
138,Kısır,Yemek,,154.5,4.5,24,4.5,0,0,0,1 Porsiyon,200,,,no_candidate,RECIPE_OR_TURKISH_MEAL_NEEDS_MANUAL_SOURCE,RECIPE_OR_TURKISH_MEAL_NEEDS_MANUAL_SOURCE | candidate_quality=no_candidate | fiber_100g_zero_placeholder | sugar_100g_zero_placeholder | sodium_mg_100g_zero_placeholder,TÜRKOMP/tarif hesabı gerekir
139,Pilav (Tereyağlı),Süt Ürünleri,Tahıl & Ekmek,144,2.8,26,3.2,0,0,0,1 Porsiyon,200,,,no_candidate,NO_CANDIDATE_KEEP_CURRENT_PENDING,NO_CANDIDATE_KEEP_CURRENT_PENDING | candidate_quality=no_candidate | category_mismatch: Süt Ürünleri -> Tahıl & Ekmek | fiber_100g_zero_placeholder | sugar_100g_zero_placeholder | sodium_mg_100g_zero_placeholder,Kategori düzelt + değer kontrol
140,Soya Sütü,Süt Ürünleri,,54.5833,3.2917,6.2917,1.7917,0,0,0,1 Bardak,240,Az Yağlı Soya Sütü,43.0,likely_related,USDA_RELATED_BUT_VALUES_DIFFER_REVIEW,USDA_RELATED_BUT_VALUES_DIFFER_REVIEW | candidate_quality=likely_related | sugar_likely_placeholder_zero | fiber_100g_zero_placeholder | sugar_100g_zero_placeholder | sodium_mg_100g_zero_placeholder,USDA adayını elle kontrol et; pişmiş/çiğ farkını netleştir
141,Şeftali,Genel,Meyve,39.3333,0.9333,9.3333,0.2667,0,0,0,1 Adet,150,"Bebek Maması, Bebek/Çocuk Şeftali Doğranmış",51.0,bad_candidate_keyword,REJECT_USDA_CANDIDATE_KEEP_CURRENT_PENDING,REJECT_USDA_CANDIDATE_KEEP_CURRENT_PENDING | candidate_quality=bad_candidate_keyword | category_mismatch: Genel -> Meyve | fiber_100g_zero_placeholder | sugar_100g_zero_placeholder | sodium_mg_100g_zero_placeholder,Kategori düzelt + değer kontrol
142,Ayva,Genel,Meyve,28.5,0.2,7.5,0.1,0,0,0,1 Adet,200,"Ayva, Çiğ",57.0,likely_related,USDA_RELATED_BUT_VALUES_DIFFER_REVIEW,USDA_RELATED_BUT_VALUES_DIFFER_REVIEW | candidate_quality=likely_related | category_mismatch: Genel -> Meyve | fiber_100g_zero_placeholder | sugar_100g_zero_placeholder | sodium_mg_100g_zero_placeholder,Kategori düzelt + değer kontrol
143,Limon,Genel,,28.3333,1,9,0.3333,0,0,0,1 Adet,60,Limon Biberli Füme Hindi Göğsü,95.0,bad_candidate_keyword,CANDIDATE_WRONG_AND_CURRENT_SUSPICIOUS,CANDIDATE_WRONG_AND_CURRENT_SUSPICIOUS | candidate_quality=bad_candidate_keyword | Önceki raporda current değer/makro uyumsuzluğu ve yanlış USDA adayı vardı. | fiber_100g_zero_placeholder | sugar_100g_zero_placeholder | sodium_mg_100g_zero_placeholder,DÜZELTME ÖNCELİĞİ YÜKSEK
144,Vişne,Genel,Meyve,50,1,12,0.3,0,0,0,1 Kase,100,Kurutulmuş Şekerli Vişne,333.0,bad_candidate_keyword,REJECT_USDA_CANDIDATE_KEEP_CURRENT_PENDING,REJECT_USDA_CANDIDATE_KEEP_CURRENT_PENDING | candidate_quality=bad_candidate_keyword | category_mismatch: Genel -> Meyve | fiber_100g_zero_placeholder | sugar_100g_zero_placeholder | sodium_mg_100g_zero_placeholder,Kategori düzelt + değer kontrol
145,Böğürtlen,Genel,Meyve,43,1.4,10,0.5,0,0,0,1 Kase,100,Böğürtlen suyu,38.0,bad_candidate_keyword,REJECT_USDA_CANDIDATE_KEEP_CURRENT_PENDING,REJECT_USDA_CANDIDATE_KEEP_CURRENT_PENDING | candidate_quality=bad_candidate_keyword | category_mismatch: Genel -> Meyve | fiber_100g_zero_placeholder | sugar_100g_zero_placeholder | sodium_mg_100g_zero_placeholder,Kategori düzelt + değer kontrol
146,Ahududu,Genel,Meyve,52,1.2,12,0.7,0,0,0,1 Kase,100,Ahududu Suyu Konsantresi,221.0,bad_candidate_keyword,REJECT_USDA_CANDIDATE_KEEP_CURRENT_PENDING,REJECT_USDA_CANDIDATE_KEEP_CURRENT_PENDING | candidate_quality=bad_candidate_keyword | category_mismatch: Genel -> Meyve | fiber_100g_zero_placeholder | sugar_100g_zero_placeholder | sodium_mg_100g_zero_placeholder,Kategori düzelt + değer kontrol
147,Dut (Taze),Genel,Meyve,43,1.4,10,0.4,0,0,0,1 Kase,100,,,no_candidate,NO_CANDIDATE_KEEP_CURRENT_PENDING,NO_CANDIDATE_KEEP_CURRENT_PENDING | candidate_quality=no_candidate | category_mismatch: Genel -> Meyve | fiber_100g_zero_placeholder | sugar_100g_zero_placeholder | sodium_mg_100g_zero_placeholder,Kategori düzelt + değer kontrol
148,Mango,Genel,Meyve,60,0.8485,15.1515,0.3636,0,0,0,1 Adet,165,"Bebek Maması, Meyveli Tatlı Mango ile Tapyoka",70.0,bad_candidate_keyword,REJECT_USDA_CANDIDATE_KEEP_CURRENT_PENDING,REJECT_USDA_CANDIDATE_KEEP_CURRENT_PENDING | candidate_quality=bad_candidate_keyword | category_mismatch: Genel -> Meyve | fiber_100g_zero_placeholder | sugar_100g_zero_placeholder | sodium_mg_100g_zero_placeholder,Kategori düzelt + değer kontrol
149,Papaya,Genel,Meyve,39.3333,0.6,10,0.2667,0,0,0,1 Adet,150,"Bebek Maması, Süzme Meyve Guava ve Papaya ile Tapyoka",63.0,bad_candidate_keyword,REJECT_USDA_CANDIDATE_KEEP_CURRENT_PENDING,REJECT_USDA_CANDIDATE_KEEP_CURRENT_PENDING | candidate_quality=bad_candidate_keyword | category_mismatch: Genel -> Meyve | fiber_100g_zero_placeholder | sugar_100g_zero_placeholder | sodium_mg_100g_zero_placeholder,Kategori düzelt + değer kontrol
150,Kayısı (Kuru),Genel,Meyve,320,4.6667,83.3333,0.6667,0,0,0,1 Adet,15,,,no_candidate,NO_CANDIDATE_KEEP_CURRENT_PENDING,NO_CANDIDATE_KEEP_CURRENT_PENDING | candidate_quality=no_candidate | category_mismatch: Genel -> Meyve | fiber_100g_zero_placeholder | sugar_100g_zero_placeholder | sodium_mg_100g_zero_placeholder,Kategori düzelt + değer kontrol
151,Kuru Üzüm,Genel,Meyve,322.5,3.25,85,0.5,0,0,0,1 Kase,40,Çekirdekli Kuru Üzüm,296.0,likely_related,LIKELY_OK_OR_USDA_CLOSE,LIKELY_OK_OR_USDA_CLOSE | candidate_quality=likely_related | category_mismatch: Genel -> Meyve | fiber_100g_zero_placeholder | sugar_100g_zero_placeholder | sodium_mg_100g_zero_placeholder,Kategori düzelt + değer kontrol
152,Soğan (Çiğ),Genel,Sebze,40,1.1,9.3,0.1,0,0,0,1 Adet,100,"Arpacık Soğan, Çiğ",72.0,likely_related,USDA_RELATED_BUT_VALUES_DIFFER_REVIEW,USDA_RELATED_BUT_VALUES_DIFFER_REVIEW | candidate_quality=likely_related | category_mismatch: Genel -> Sebze | fiber_100g_zero_placeholder | sugar_100g_zero_placeholder | sodium_mg_100g_zero_placeholder,Kategori düzelt + değer kontrol
153,Sarımsak,Genel,Sebze,433.3333,20,100,0,0,0,0,1 Diş,3,Çiğ Sarımsak,143.0,likely_related,USDA_RELATED_BUT_VALUES_DIFFER_REVIEW,USDA_RELATED_BUT_VALUES_DIFFER_REVIEW | candidate_quality=likely_related | macro_weight_over_105g(120.0); portion_grams_extreme(3.0) | category_mismatch: Genel -> Sebze | 100g makroları imkansız: protein 20g + karbonhidrat 100g = 120g; değer değişmeli. | fiber_100g_zero_placeholder | sugar_100g_zero_placeholder | sodium_mg_100g_zero_placeholder,DÜZELTME ÖNCELİĞİ YÜKSEK
154,Lahana (Beyaz),Genel,Sebze,25,1.3,5.8,0.1,0,0,0,1 Kase,100,Çiğ Beyaz Lahana,31.4275,likely_related,LIKELY_OK_OR_USDA_CLOSE,LIKELY_OK_OR_USDA_CLOSE | candidate_quality=likely_related | category_mismatch: Genel -> Sebze | fiber_100g_zero_placeholder | sugar_100g_zero_placeholder | sodium_mg_100g_zero_placeholder,Kategori düzelt + değer kontrol
155,Kereviz,Genel,Sebze,16,0.7,3,0.2,0,0,0,1 Adet,100,Çiğ Kereviz Sapı,16.6973,likely_related,LIKELY_OK_OR_USDA_CLOSE,LIKELY_OK_OR_USDA_CLOSE | candidate_quality=likely_related | category_mismatch: Genel -> Sebze | fiber_100g_zero_placeholder | sugar_100g_zero_placeholder | sodium_mg_100g_zero_placeholder,Kategori düzelt + değer kontrol
156,Pırasa,Genel,Sebze,54,1.3,12.6,0.3,0,0,0,1 Porsiyon,100,"Pırasa, çiğ",61.0,likely_related,LIKELY_OK_OR_USDA_CLOSE,LIKELY_OK_OR_USDA_CLOSE | candidate_quality=likely_related | category_mismatch: Genel -> Sebze | fiber_100g_zero_placeholder | sugar_100g_zero_placeholder | sodium_mg_100g_zero_placeholder,Kategori düzelt + değer kontrol
157,Enginar,Genel,Sebze,44.1667,2.75,9.8333,0.1667,0,0,0,1 Adet,120,Çiğ Enginar,47.0,likely_related,LIKELY_OK_OR_USDA_CLOSE,LIKELY_OK_OR_USDA_CLOSE | candidate_quality=likely_related | category_mismatch: Genel -> Sebze | fiber_100g_zero_placeholder | sugar_100g_zero_placeholder | sodium_mg_100g_zero_placeholder,Kategori düzelt + değer kontrol
158,Bamya (Haşlanmış),Genel,Sebze,33,2,7.5,0.2,0,0,0,1 Porsiyon,100,,,no_candidate,NO_CANDIDATE_KEEP_CURRENT_PENDING,NO_CANDIDATE_KEEP_CURRENT_PENDING | candidate_quality=no_candidate | category_mismatch: Genel -> Sebze | fiber_100g_zero_placeholder | sugar_100g_zero_placeholder | sodium_mg_100g_zero_placeholder,Kategori düzelt + değer kontrol
159,Semizotu,Genel,Sebze,20,2,3.4,0.4,0,0,0,1 Kase,100,"Semizotu, Çiğ",20.0,likely_related,LIKELY_OK_OR_USDA_CLOSE,LIKELY_OK_OR_USDA_CLOSE | candidate_quality=likely_related | category_mismatch: Genel -> Sebze | fiber_100g_zero_placeholder | sugar_100g_zero_placeholder | sodium_mg_100g_zero_placeholder,Kategori düzelt + değer kontrol
160,Taze Fasulye,Baklagil,,31,1.8,7,0.1,0,0,0,1 Porsiyon,100,"Bebek Maması, Bebek/Çocuk Taze Fasulye Doğranmış",29.0,bad_candidate_keyword,REJECT_USDA_CANDIDATE_KEEP_CURRENT_PENDING,REJECT_USDA_CANDIDATE_KEEP_CURRENT_PENDING | candidate_quality=bad_candidate_keyword | fiber_likely_placeholder_zero | fiber_100g_zero_placeholder | sugar_100g_zero_placeholder | sodium_mg_100g_zero_placeholder,USDA adayı reddedilsin; doğru kaynak tekrar aranmalı
161,Barbunya (Haşlanmış),Genel,Baklagil,127,8.7,22.8,0.5,0,0,0,1 Porsiyon,100,,,no_candidate,NO_CANDIDATE_KEEP_CURRENT_PENDING,NO_CANDIDATE_KEEP_CURRENT_PENDING | candidate_quality=no_candidate | category_mismatch: Genel -> Baklagil | fiber_100g_zero_placeholder | sugar_100g_zero_placeholder | sodium_mg_100g_zero_placeholder,Kategori düzelt + değer kontrol
162,Patlıcan Kızartma,Sebze,,160,2,9,13,0,0,0,1 Porsiyon,200,,,no_candidate,RECIPE_OR_TURKISH_MEAL_NEEDS_MANUAL_SOURCE,RECIPE_OR_TURKISH_MEAL_NEEDS_MANUAL_SOURCE | candidate_quality=no_candidate | fiber_likely_placeholder_zero | fiber_100g_zero_placeholder | sugar_100g_zero_placeholder | sodium_mg_100g_zero_placeholder,TÜRKOMP/tarif hesabı gerekir
163,Biber (Çiğ),Sebze,,31,1,7,0.3,0,0,0,1 Adet,100,Çiğ Çekirdeği Çıkarılmış Jalapeno Biber,24.1264,bad_candidate_keyword,REJECT_USDA_CANDIDATE_KEEP_CURRENT_PENDING,REJECT_USDA_CANDIDATE_KEEP_CURRENT_PENDING | candidate_quality=bad_candidate_keyword | fiber_likely_placeholder_zero | fiber_100g_zero_placeholder | sugar_100g_zero_placeholder | sodium_mg_100g_zero_placeholder,USDA adayı reddedilsin; doğru kaynak tekrar aranmalı
164,Karnabahar Kızartma,Sebze,,120,3.3333,9.3333,8,0,0,0,1 Porsiyon,150,,,no_candidate,RECIPE_OR_TURKISH_MEAL_NEEDS_MANUAL_SOURCE,RECIPE_OR_TURKISH_MEAL_NEEDS_MANUAL_SOURCE | candidate_quality=no_candidate | fiber_likely_placeholder_zero | fiber_100g_zero_placeholder | sugar_100g_zero_placeholder | sodium_mg_100g_zero_placeholder,TÜRKOMP/tarif hesabı gerekir
165,Patates Kızartması,Sebze,,243.3333,2.6667,32,11.3333,0,0,0,1 Porsiyon,150,Dondurulmuş Tatlı Patates Kızartması,182.0,likely_related,RECIPE_OR_TURKISH_MEAL_NEEDS_MANUAL_SOURCE,RECIPE_OR_TURKISH_MEAL_NEEDS_MANUAL_SOURCE | candidate_quality=likely_related | fiber_likely_placeholder_zero | fiber_100g_zero_placeholder | sugar_100g_zero_placeholder | sodium_mg_100g_zero_placeholder,TÜRKOMP/tarif hesabı gerekir
166,Kaşkaval Peyniri,Süt Ürünleri,,376.6667,23.3333,3.3333,30,0,0,0,1 Dilim,30,,,no_candidate,NO_CANDIDATE_KEEP_CURRENT_PENDING,NO_CANDIDATE_KEEP_CURRENT_PENDING | candidate_quality=no_candidate | fiber_100g_zero_placeholder | sugar_100g_zero_placeholder | sodium_mg_100g_zero_placeholder,Kaynak bulunana kadar pending kalsın
167,Çökelek,Genel,Süt Ürünleri,98,11,3,4.5,0,0,0,1 Kase,100,,,no_candidate,NO_CANDIDATE_KEEP_CURRENT_PENDING,NO_CANDIDATE_KEEP_CURRENT_PENDING | candidate_quality=no_candidate | category_mismatch: Genel -> Süt Ürünleri | fiber_100g_zero_placeholder | sugar_100g_zero_placeholder | sodium_mg_100g_zero_placeholder,Kategori düzelt + değer kontrol
168,Kaymak,Genel,Süt Ürünleri,680,8.3333,10,66.6667,0,0,0,1 Porsiyon,30,,,no_candidate,NO_CANDIDATE_KEEP_CURRENT_PENDING,NO_CANDIDATE_KEEP_CURRENT_PENDING | candidate_quality=no_candidate | category_mismatch: Genel -> Süt Ürünleri | fiber_100g_zero_placeholder | sugar_100g_zero_placeholder | sodium_mg_100g_zero_placeholder,Kategori düzelt + değer kontrol
169,Krem Peynir,Süt Ürünleri,,340,6.6667,5.3333,33.3333,0,0,0,1 Porsiyon,30,Krem Peynir,350.0,likely_related,LIKELY_OK_OR_USDA_CLOSE,LIKELY_OK_OR_USDA_CLOSE | candidate_quality=likely_related | fiber_100g_zero_placeholder | sugar_100g_zero_placeholder | sodium_mg_100g_zero_placeholder,USDA eşleşmesini elle onayla; uygunsa verified yap
170,Mozzarella,Genel,Süt Ürünleri,283.3333,21,3.3333,21,0,0,0,1 Dilim,30,Düşük Nemli Tam Yağlı Mozzarella,318.0,likely_related,LIKELY_OK_OR_USDA_CLOSE,LIKELY_OK_OR_USDA_CLOSE | candidate_quality=likely_related | category_mismatch: Genel -> Süt Ürünleri | fiber_100g_zero_placeholder | sugar_100g_zero_placeholder | sodium_mg_100g_zero_placeholder,Kategori düzelt + değer kontrol
171,Yarım Yağlı Süt,Süt Ürünleri,,42.5,3.3333,5,1,0,0,0,1 Bardak,240,Yarım Yağlı Süt,50.0,likely_related,LIKELY_OK_OR_USDA_CLOSE,LIKELY_OK_OR_USDA_CLOSE | candidate_quality=likely_related | sugar_likely_placeholder_zero | fiber_100g_zero_placeholder | sugar_100g_zero_placeholder | sodium_mg_100g_zero_placeholder,USDA eşleşmesini elle onayla; uygunsa verified yap
172,Yoğurt (Yarım Yağlı),Süt Ürünleri,,51.3333,2.8667,3.7333,2.5333,0,0,0,1 Kase,150,,,no_candidate,NO_CANDIDATE_KEEP_CURRENT_PENDING,NO_CANDIDATE_KEEP_CURRENT_PENDING | candidate_quality=no_candidate | fiber_100g_zero_placeholder | sugar_100g_zero_placeholder | sodium_mg_100g_zero_placeholder,Kaynak bulunana kadar pending kalsın
173,Yumurta (Çiğ),Genel,Yumurta,144,12.6,0.8,9.6,0,0,0,1 Adet,50,Çiğ Bütün Yumurta,143.0,likely_related,LIKELY_OK_OR_USDA_CLOSE,LIKELY_OK_OR_USDA_CLOSE | candidate_quality=likely_related | category_mismatch: Genel -> Yumurta | fiber_100g_zero_placeholder | sugar_100g_zero_placeholder | sodium_mg_100g_zero_placeholder,Kategori düzelt + değer kontrol
174,Sahanda Yumurta,Genel,Yumurta,196,13,1,15,0,0,0,1 Porsiyon,100,,,no_candidate,RECIPE_OR_TURKISH_MEAL_NEEDS_MANUAL_SOURCE,RECIPE_OR_TURKISH_MEAL_NEEDS_MANUAL_SOURCE | candidate_quality=no_candidate | category_mismatch: Genel -> Yumurta | fiber_100g_zero_placeholder | sugar_100g_zero_placeholder | sodium_mg_100g_zero_placeholder,Kategori düzelt + değer kontrol
175,Sucuklu Yumurta,Et & Tavuk,,190,10,1,16,0,0,0,1 Porsiyon,200,,,no_candidate,RECIPE_OR_TURKISH_MEAL_NEEDS_MANUAL_SOURCE,RECIPE_OR_TURKISH_MEAL_NEEDS_MANUAL_SOURCE | candidate_quality=no_candidate | fiber_100g_zero_placeholder | sugar_100g_zero_placeholder | sodium_mg_100g_zero_placeholder,TÜRKOMP/tarif hesabı gerekir
176,Et Sote,Et & Tavuk,,142.5,14,3,8,0,0,0,1 Porsiyon,200,,,no_candidate,RECIPE_OR_TURKISH_MEAL_NEEDS_MANUAL_SOURCE,RECIPE_OR_TURKISH_MEAL_NEEDS_MANUAL_SOURCE | candidate_quality=no_candidate | fiber_100g_zero_placeholder | sugar_100g_zero_placeholder | sodium_mg_100g_zero_placeholder,TÜRKOMP/tarif hesabı gerekir
177,Tas Kebabı,Genel,Et & Tavuk,136,10.4,4.8,8.8,0,0,0,1 Porsiyon,250,,,no_candidate,NO_CANDIDATE_KEEP_CURRENT_PENDING,NO_CANDIDATE_KEEP_CURRENT_PENDING | candidate_quality=no_candidate | category_mismatch: Genel -> Et & Tavuk | fiber_100g_zero_placeholder | sugar_100g_zero_placeholder | sodium_mg_100g_zero_placeholder,Kategori düzelt + değer kontrol
178,Musakka,Genel,Yemek,128,5.6,8.8,8,0,0,0,1 Porsiyon,250,,,no_candidate,RECIPE_OR_TURKISH_MEAL_NEEDS_MANUAL_SOURCE,RECIPE_OR_TURKISH_MEAL_NEEDS_MANUAL_SOURCE | candidate_quality=no_candidate | category_mismatch: Genel -> Yemek | fiber_100g_zero_placeholder | sugar_100g_zero_placeholder | sodium_mg_100g_zero_placeholder,Kategori düzelt + değer kontrol
179,Etli Güveç,Genel,Yemek,124,9.6,7.2,6.4,0,0,0,1 Porsiyon,250,,,no_candidate,RECIPE_OR_TURKISH_MEAL_NEEDS_MANUAL_SOURCE,RECIPE_OR_TURKISH_MEAL_NEEDS_MANUAL_SOURCE | candidate_quality=no_candidate | category_mismatch: Genel -> Yemek | fiber_100g_zero_placeholder | sugar_100g_zero_placeholder | sodium_mg_100g_zero_placeholder,Kategori düzelt + değer kontrol
180,Köfte (Ev Yapımı),Et & Tavuk,,186.6667,14.6667,5.3333,12,0,0,0,1 Porsiyon,150,,,no_candidate,RECIPE_OR_TURKISH_MEAL_NEEDS_MANUAL_SOURCE,RECIPE_OR_TURKISH_MEAL_NEEDS_MANUAL_SOURCE | candidate_quality=no_candidate | fiber_100g_zero_placeholder | sugar_100g_zero_placeholder | sodium_mg_100g_zero_placeholder,TÜRKOMP/tarif hesabı gerekir
181,Ciğer (Kızartma),Genel,Et & Tavuk,220,17.3333,6.6667,13.3333,0,0,0,1 Porsiyon,150,,,no_candidate,RECIPE_OR_TURKISH_MEAL_NEEDS_MANUAL_SOURCE,RECIPE_OR_TURKISH_MEAL_NEEDS_MANUAL_SOURCE | candidate_quality=no_candidate | category_mismatch: Genel -> Et & Tavuk | fiber_100g_zero_placeholder | sugar_100g_zero_placeholder | sodium_mg_100g_zero_placeholder,Kategori düzelt + değer kontrol
182,Salam,Genel,Et & Tavuk,506.6667,20,3.3333,46.6667,0,0,0,1 Dilim,30,Az Tuzlu Dana Salam,310.0,likely_related,USDA_RELATED_BUT_VALUES_DIFFER_REVIEW,USDA_RELATED_BUT_VALUES_DIFFER_REVIEW | candidate_quality=likely_related | category_mismatch: Genel -> Et & Tavuk | fiber_100g_zero_placeholder | sugar_100g_zero_placeholder | sodium_mg_100g_zero_placeholder,Kategori düzelt + değer kontrol
183,Jambon,Genel,Et & Tavuk,153.3333,18.3333,1.6667,8.3333,0,0,0,1 Dilim,30,Ballı Füme Jambon,122.0,bad_candidate_keyword,REJECT_USDA_CANDIDATE_KEEP_CURRENT_PENDING,REJECT_USDA_CANDIDATE_KEEP_CURRENT_PENDING | candidate_quality=bad_candidate_keyword | category_mismatch: Genel -> Et & Tavuk | fiber_100g_zero_placeholder | sugar_100g_zero_placeholder | sodium_mg_100g_zero_placeholder,Kategori düzelt + değer kontrol
184,Erişte (Haşlanmış),Genel,Tahıl & Ekmek,110,4,21,1,0,0,0,1 Porsiyon,200,,,no_candidate,NO_CANDIDATE_KEEP_CURRENT_PENDING,NO_CANDIDATE_KEEP_CURRENT_PENDING | candidate_quality=no_candidate | category_mismatch: Genel -> Tahıl & Ekmek | fiber_100g_zero_placeholder | sugar_100g_zero_placeholder | sodium_mg_100g_zero_placeholder,Kategori düzelt + değer kontrol
185,Şehriye (Haşlanmış),Genel,Tahıl & Ekmek,104.6667,3.8667,20.6,0.6,0,0,0,1 Porsiyon,150,,,no_candidate,RECIPE_OR_TURKISH_MEAL_NEEDS_MANUAL_SOURCE,RECIPE_OR_TURKISH_MEAL_NEEDS_MANUAL_SOURCE | candidate_quality=no_candidate | category_mismatch: Genel -> Tahıl & Ekmek | fiber_100g_zero_placeholder | sugar_100g_zero_placeholder | sodium_mg_100g_zero_placeholder,Kategori düzelt + değer kontrol
186,Spagetti (Domates Soslu),Sebze,,112,3.6,19.2,2.4,0,0,0,1 Porsiyon,250,,,no_candidate,NO_CANDIDATE_KEEP_CURRENT_PENDING,NO_CANDIDATE_KEEP_CURRENT_PENDING | candidate_quality=no_candidate | fiber_likely_placeholder_zero | fiber_100g_zero_placeholder | sugar_100g_zero_placeholder | sodium_mg_100g_zero_placeholder,Kaynak bulunana kadar pending kalsın
187,Bulgur Köftesi,Et & Tavuk,,140,4,24,3.3333,0,0,0,1 Porsiyon,150,,,no_candidate,RECIPE_OR_TURKISH_MEAL_NEEDS_MANUAL_SOURCE,RECIPE_OR_TURKISH_MEAL_NEEDS_MANUAL_SOURCE | candidate_quality=no_candidate | fiber_100g_zero_placeholder | sugar_100g_zero_placeholder | sodium_mg_100g_zero_placeholder,TÜRKOMP/tarif hesabı gerekir
188,Kırmızı Mercimek (Haşlanmış),Baklagil,,116,9,20,0.4,0,0,0,1 Porsiyon,100,,,no_candidate,NO_CANDIDATE_KEEP_CURRENT_PENDING,NO_CANDIDATE_KEEP_CURRENT_PENDING | candidate_quality=no_candidate | fiber_likely_placeholder_zero | fiber_100g_zero_placeholder | sugar_100g_zero_placeholder | sodium_mg_100g_zero_placeholder,Kaynak bulunana kadar pending kalsın
189,Yeşil Mercimek (Haşlanmış),Baklagil,,116,9,20,0.4,0,0,0,1 Porsiyon,100,,,no_candidate,NO_CANDIDATE_KEEP_CURRENT_PENDING,NO_CANDIDATE_KEEP_CURRENT_PENDING | candidate_quality=no_candidate | fiber_likely_placeholder_zero | fiber_100g_zero_placeholder | sugar_100g_zero_placeholder | sodium_mg_100g_zero_placeholder,Kaynak bulunana kadar pending kalsın
190,Barbunya Pilaki,Genel,Yemek,110,4,16,3.5,0,0,0,1 Porsiyon,200,,,no_candidate,RECIPE_OR_TURKISH_MEAL_NEEDS_MANUAL_SOURCE,RECIPE_OR_TURKISH_MEAL_NEEDS_MANUAL_SOURCE | candidate_quality=no_candidate | category_mismatch: Genel -> Yemek | fiber_100g_zero_placeholder | sugar_100g_zero_placeholder | sodium_mg_100g_zero_placeholder,Kategori düzelt + değer kontrol
191,Nohut Yemeği,Baklagil,,130,6,18,4,0,0,0,1 Porsiyon,200,,,no_candidate,RECIPE_OR_TURKISH_MEAL_NEEDS_MANUAL_SOURCE,RECIPE_OR_TURKISH_MEAL_NEEDS_MANUAL_SOURCE | candidate_quality=no_candidate | fiber_likely_placeholder_zero | fiber_100g_zero_placeholder | sugar_100g_zero_placeholder | sodium_mg_100g_zero_placeholder,TÜRKOMP/tarif hesabı gerekir
192,Bamya Yemeği,Genel,Yemek,90,2,10,4.5,0,0,0,1 Porsiyon,200,,,no_candidate,RECIPE_OR_TURKISH_MEAL_NEEDS_MANUAL_SOURCE,RECIPE_OR_TURKISH_MEAL_NEEDS_MANUAL_SOURCE | candidate_quality=no_candidate | category_mismatch: Genel -> Yemek | fiber_100g_zero_placeholder | sugar_100g_zero_placeholder | sodium_mg_100g_zero_placeholder,Kategori düzelt + değer kontrol
193,Mücver,Genel,Yemek,160,5.3333,12,10.6667,0,0,0,1 Porsiyon,150,,,no_candidate,RECIPE_OR_TURKISH_MEAL_NEEDS_MANUAL_SOURCE,RECIPE_OR_TURKISH_MEAL_NEEDS_MANUAL_SOURCE | candidate_quality=no_candidate | category_mismatch: Genel -> Yemek | fiber_100g_zero_placeholder | sugar_100g_zero_placeholder | sodium_mg_100g_zero_placeholder,Kategori düzelt + değer kontrol
194,Patates Salatası,Sebze,,120,2,16,5.3333,0,0,0,1 Porsiyon,150,Ev Yapımı Patates Salatası,143.0,likely_related,RECIPE_OR_TURKISH_MEAL_NEEDS_MANUAL_SOURCE,RECIPE_OR_TURKISH_MEAL_NEEDS_MANUAL_SOURCE | candidate_quality=likely_related | fiber_likely_placeholder_zero | fiber_100g_zero_placeholder | sugar_100g_zero_placeholder | sodium_mg_100g_zero_placeholder,TÜRKOMP/tarif hesabı gerekir
195,Çoban Salata,Genel,Sebze,42.5,1,5,2,0,0,0,1 Kase,200,,,no_candidate,RECIPE_OR_TURKISH_MEAL_NEEDS_MANUAL_SOURCE,RECIPE_OR_TURKISH_MEAL_NEEDS_MANUAL_SOURCE | candidate_quality=no_candidate | category_mismatch: Genel -> Sebze | fiber_100g_zero_placeholder | sugar_100g_zero_placeholder | sodium_mg_100g_zero_placeholder,Kategori düzelt + değer kontrol
196,Piyaz,Genel,Yemek,110,5,14,4,0,0,0,1 Porsiyon,200,,,no_candidate,RECIPE_OR_TURKISH_MEAL_NEEDS_MANUAL_SOURCE,RECIPE_OR_TURKISH_MEAL_NEEDS_MANUAL_SOURCE | candidate_quality=no_candidate | category_mismatch: Genel -> Yemek | fiber_100g_zero_placeholder | sugar_100g_zero_placeholder | sodium_mg_100g_zero_placeholder,Kategori düzelt + değer kontrol
197,Falafel,Genel,Yemek,285,12.5,27.5,15,0,0,0,1 Adet,20,Ev Yapımı Falafel,333.0,likely_related,RECIPE_OR_TURKISH_MEAL_NEEDS_MANUAL_SOURCE,RECIPE_OR_TURKISH_MEAL_NEEDS_MANUAL_SOURCE | candidate_quality=likely_related | category_mismatch: Genel -> Yemek | fiber_100g_zero_placeholder | sugar_100g_zero_placeholder | sodium_mg_100g_zero_placeholder,Kategori düzelt + değer kontrol
198,Lahana Sarması,Yemek,,120,5,14,5,0,0,0,1 Adet,100,,,no_candidate,RECIPE_OR_TURKISH_MEAL_NEEDS_MANUAL_SOURCE,RECIPE_OR_TURKISH_MEAL_NEEDS_MANUAL_SOURCE | candidate_quality=no_candidate | fiber_100g_zero_placeholder | sugar_100g_zero_placeholder | sodium_mg_100g_zero_placeholder,TÜRKOMP/tarif hesabı gerekir
199,Ispanak Yemeği,Sebze,,70,2.5,5,4.5,0,0,0,1 Porsiyon,200,,,no_candidate,RECIPE_OR_TURKISH_MEAL_NEEDS_MANUAL_SOURCE,RECIPE_OR_TURKISH_MEAL_NEEDS_MANUAL_SOURCE | candidate_quality=no_candidate | fiber_100g_zero_placeholder | sugar_100g_zero_placeholder | sodium_mg_100g_zero_placeholder,TÜRKOMP/tarif hesabı gerekir
200,Fırın Makarna,Tahıl & Ekmek,,168,6.4,20.8,6.4,0,0,0,1 Porsiyon,250,,,no_candidate,NO_CANDIDATE_KEEP_CURRENT_PENDING,NO_CANDIDATE_KEEP_CURRENT_PENDING | candidate_quality=no_candidate | fiber_likely_placeholder_zero | fiber_100g_zero_placeholder | sugar_100g_zero_placeholder | sodium_mg_100g_zero_placeholder,Kaynak bulunana kadar pending kalsın
201,Balık Tava,Balık & Deniz,,160,12,9,9,0,0,0,1 Porsiyon,200,,,no_candidate,RECIPE_OR_TURKISH_MEAL_NEEDS_MANUAL_SOURCE,RECIPE_OR_TURKISH_MEAL_NEEDS_MANUAL_SOURCE | candidate_quality=no_candidate | sugar_likely_placeholder_zero | fiber_100g_zero_placeholder | sugar_100g_zero_placeholder | sodium_mg_100g_zero_placeholder,TÜRKOMP/tarif hesabı gerekir
202,Midye Tava,Balık & Deniz,,186.6667,9.3333,14.6667,10.6667,0,0,0,1 Porsiyon,150,,,no_candidate,RECIPE_OR_TURKISH_MEAL_NEEDS_MANUAL_SOURCE,RECIPE_OR_TURKISH_MEAL_NEEDS_MANUAL_SOURCE | candidate_quality=no_candidate | fiber_100g_zero_placeholder | sugar_100g_zero_placeholder | sodium_mg_100g_zero_placeholder,TÜRKOMP/tarif hesabı gerekir
203,Kumpir,Genel,Yemek,128.5714,3.4286,16.5714,5.1429,0,0,0,1 Adet,350,,,no_candidate,RECIPE_OR_TURKISH_MEAL_NEEDS_MANUAL_SOURCE,RECIPE_OR_TURKISH_MEAL_NEEDS_MANUAL_SOURCE | candidate_quality=no_candidate | category_mismatch: Genel -> Yemek | fiber_100g_zero_placeholder | sugar_100g_zero_placeholder | sodium_mg_100g_zero_placeholder,Kategori düzelt + değer kontrol
204,Dürüm (Tavuk),Et & Tavuk,,192,11.2,19.2,7.2,0,0,0,1 Adet,250,,,no_candidate,RECIPE_OR_TURKISH_MEAL_NEEDS_MANUAL_SOURCE,RECIPE_OR_TURKISH_MEAL_NEEDS_MANUAL_SOURCE | candidate_quality=no_candidate | fiber_100g_zero_placeholder | sugar_100g_zero_placeholder | sodium_mg_100g_zero_placeholder,TÜRKOMP/tarif hesabı gerekir
205,Yayla Çorbası,Çorba,,58,2,7.2,2.4,0,0,0,1 Kase,250,,,no_candidate,RECIPE_OR_TURKISH_MEAL_NEEDS_MANUAL_SOURCE,RECIPE_OR_TURKISH_MEAL_NEEDS_MANUAL_SOURCE | candidate_quality=no_candidate | fiber_100g_zero_placeholder | sugar_100g_zero_placeholder | sodium_mg_100g_zero_placeholder,TÜRKOMP/tarif hesabı gerekir
206,Şehriye Çorbası,Çorba,,52,1.6,8,1.6,0,0,0,1 Kase,250,,,no_candidate,RECIPE_OR_TURKISH_MEAL_NEEDS_MANUAL_SOURCE,RECIPE_OR_TURKISH_MEAL_NEEDS_MANUAL_SOURCE | candidate_quality=no_candidate | fiber_100g_zero_placeholder | sugar_100g_zero_placeholder | sodium_mg_100g_zero_placeholder,TÜRKOMP/tarif hesabı gerekir
207,Düğün Çorbası,Çorba,,64,3.2,5.6,3.2,0,0,0,1 Kase,250,,,no_candidate,RECIPE_OR_TURKISH_MEAL_NEEDS_MANUAL_SOURCE,RECIPE_OR_TURKISH_MEAL_NEEDS_MANUAL_SOURCE | candidate_quality=no_candidate | fiber_100g_zero_placeholder | sugar_100g_zero_placeholder | sodium_mg_100g_zero_placeholder,TÜRKOMP/tarif hesabı gerekir
208,Brokoli Çorbası,Çorba,,44,2,4.8,2,0,0,0,1 Kase,250,,,no_candidate,RECIPE_OR_TURKISH_MEAL_NEEDS_MANUAL_SOURCE,RECIPE_OR_TURKISH_MEAL_NEEDS_MANUAL_SOURCE | candidate_quality=no_candidate | fiber_100g_zero_placeholder | sugar_100g_zero_placeholder | sodium_mg_100g_zero_placeholder,TÜRKOMP/tarif hesabı gerekir
209,Yüksük Çorbası,Çorba,,62,2.4,8.8,2,0,0,0,1 Kase,250,,,no_candidate,RECIPE_OR_TURKISH_MEAL_NEEDS_MANUAL_SOURCE,RECIPE_OR_TURKISH_MEAL_NEEDS_MANUAL_SOURCE | candidate_quality=no_candidate | fiber_100g_zero_placeholder | sugar_100g_zero_placeholder | sodium_mg_100g_zero_placeholder,TÜRKOMP/tarif hesabı gerekir
210,Tahin Pekmez,Genel,Kahvaltılık,490,10,70,20,0,0,0,1 Porsiyon,40,,,no_candidate,RECIPE_OR_TURKISH_MEAL_NEEDS_MANUAL_SOURCE,RECIPE_OR_TURKISH_MEAL_NEEDS_MANUAL_SOURCE | candidate_quality=no_candidate | category_mismatch: Genel -> Kahvaltılık | fiber_100g_zero_placeholder | sugar_100g_zero_placeholder | sodium_mg_100g_zero_placeholder,Kategori düzelt + değer kontrol
211,Krep,Genel,,225,7.5,30,8.75,0,0,0,1 Adet,80,"Buttermilk Pankek, Ev Yapımı",227.0,unclear,RECIPE_OR_TURKISH_MEAL_NEEDS_MANUAL_SOURCE,RECIPE_OR_TURKISH_MEAL_NEEDS_MANUAL_SOURCE | candidate_quality=unclear | fiber_100g_zero_placeholder | sugar_100g_zero_placeholder | sodium_mg_100g_zero_placeholder,TÜRKOMP/tarif hesabı gerekir
212,Waffle,Genel,,291,7,38,12,0,0,0,1 Adet,100,"Sade, Ev Yapımı, Waffle",291.0,likely_related,RECIPE_OR_TURKISH_MEAL_NEEDS_MANUAL_SOURCE,RECIPE_OR_TURKISH_MEAL_NEEDS_MANUAL_SOURCE | candidate_quality=likely_related | fiber_100g_zero_placeholder | sugar_100g_zero_placeholder | sodium_mg_100g_zero_placeholder,TÜRKOMP/tarif hesabı gerekir
213,Poğaça (Zeytinli),Tahıl & Ekmek,,350,7.5,40,17.5,0,0,0,1 Adet,80,,,no_candidate,RECIPE_OR_TURKISH_MEAL_NEEDS_MANUAL_SOURCE,RECIPE_OR_TURKISH_MEAL_NEEDS_MANUAL_SOURCE | candidate_quality=no_candidate | fiber_likely_placeholder_zero | fiber_100g_zero_placeholder | sugar_100g_zero_placeholder | sodium_mg_100g_zero_placeholder,TÜRKOMP/tarif hesabı gerekir
214,Ayçiçek Yağı,Genel,Yağ & Sos,900,0,0,100,0,0,0,1 Yemek Kaşığı,10,Ayçiçek yağı,884.0,bad_candidate_keyword,REJECT_USDA_CANDIDATE_KEEP_CURRENT_PENDING,REJECT_USDA_CANDIDATE_KEEP_CURRENT_PENDING | candidate_quality=bad_candidate_keyword | category_mismatch: Genel -> Yağ & Sos | fiber_100g_zero_placeholder | sugar_100g_zero_placeholder | sodium_mg_100g_zero_placeholder,Kategori düzelt + değer kontrol
215,Antep Fıstığı,Genel,Kuruyemiş,600,20,25,50,0,0,0,1 Adet,2,Çiğ Antep Fıstığı,597.98,likely_related,USDA_RELATED_BUT_VALUES_DIFFER_REVIEW,USDA_RELATED_BUT_VALUES_DIFFER_REVIEW | candidate_quality=likely_related | portion_grams_extreme(2.0) | category_mismatch: Genel -> Kuruyemiş | fiber_100g_zero_placeholder | sugar_100g_zero_placeholder | sodium_mg_100g_zero_placeholder,Kategori düzelt + değer kontrol
216,Kaju,Genel,Kuruyemiş,523.3333,16.6667,30,40,0,0,0,1 Kase,30,Çiğ Kaju,564.664,likely_related,LIKELY_OK_OR_USDA_CLOSE,LIKELY_OK_OR_USDA_CLOSE | candidate_quality=likely_related | category_mismatch: Genel -> Kuruyemiş | fiber_100g_zero_placeholder | sugar_100g_zero_placeholder | sodium_mg_100g_zero_placeholder,Kategori düzelt + değer kontrol
217,Leblebi,Genel,Kuruyemiş,400,20,60,6.6667,0,0,0,1 Kase,30,,,no_candidate,NO_CANDIDATE_KEEP_CURRENT_PENDING,NO_CANDIDATE_KEEP_CURRENT_PENDING | candidate_quality=no_candidate | category_mismatch: Genel -> Kuruyemiş | fiber_100g_zero_placeholder | sugar_100g_zero_placeholder | sodium_mg_100g_zero_placeholder,Kategori düzelt + değer kontrol
218,Karışık Kuruyemiş,Genel,Kuruyemiş,583.3333,16.6667,20,50,0,0,0,1 Kase,30,Karışık Kuruyemiş ve Meyve,462.0,likely_related,USDA_RELATED_BUT_VALUES_DIFFER_REVIEW,USDA_RELATED_BUT_VALUES_DIFFER_REVIEW | candidate_quality=likely_related | category_mismatch: Genel -> Kuruyemiş | fiber_100g_zero_placeholder | sugar_100g_zero_placeholder | sodium_mg_100g_zero_placeholder,Kategori düzelt + değer kontrol
219,Bisküvi (Petibör),Genel,Atıştırmalık,520,8,75,20,0,0,0,1 Adet,10,,,no_candidate,NO_CANDIDATE_KEEP_CURRENT_PENDING,NO_CANDIDATE_KEEP_CURRENT_PENDING | candidate_quality=no_candidate | category_mismatch: Genel -> Atıştırmalık | fiber_100g_zero_placeholder | sugar_100g_zero_placeholder | sodium_mg_100g_zero_placeholder,Kategori düzelt + değer kontrol
220,Çikolata (Sütlü),Süt Ürünleri,Atıştırmalık,500,6.6667,53.3333,30,0,0,0,1 Adet,30,Sütlü Çikolata,535.0,likely_related,LIKELY_OK_OR_USDA_CLOSE,LIKELY_OK_OR_USDA_CLOSE | candidate_quality=likely_related | sugar_likely_placeholder_zero | category_mismatch: Süt Ürünleri -> Atıştırmalık | fiber_100g_zero_placeholder | sugar_100g_zero_placeholder | sodium_mg_100g_zero_placeholder,Kategori düzelt + değer kontrol
221,Gofret,Genel,Atıştırmalık,466.6667,6.6667,60,23.3333,0,0,0,1 Adet,30,Az Yağlı Vanilyalı Gofret Kurabiye,441.0,likely_related,LIKELY_OK_OR_USDA_CLOSE,LIKELY_OK_OR_USDA_CLOSE | candidate_quality=likely_related | category_mismatch: Genel -> Atıştırmalık | fiber_100g_zero_placeholder | sugar_100g_zero_placeholder | sodium_mg_100g_zero_placeholder,Kategori düzelt + değer kontrol
222,Cips (Patates),Sebze,Atıştırmalık,506.6667,6.6667,50,33.3333,0,0,0,1 Porsiyon,30,,,no_candidate,NO_CANDIDATE_KEEP_CURRENT_PENDING,NO_CANDIDATE_KEEP_CURRENT_PENDING | candidate_quality=no_candidate | fiber_likely_placeholder_zero | category_mismatch: Sebze -> Atıştırmalık | fiber_100g_zero_placeholder | sugar_100g_zero_placeholder | sodium_mg_100g_zero_placeholder,Kategori düzelt + değer kontrol
223,Kraker,Genel,Atıştırmalık,400,10,60,13.3333,0,0,0,1 Porsiyon,30,Atıştırmalık Kraker,463.0,bad_candidate_keyword,REJECT_USDA_CANDIDATE_KEEP_CURRENT_PENDING,REJECT_USDA_CANDIDATE_KEEP_CURRENT_PENDING | candidate_quality=bad_candidate_keyword | category_mismatch: Genel -> Atıştırmalık | fiber_100g_zero_placeholder | sugar_100g_zero_placeholder | sodium_mg_100g_zero_placeholder,Kategori düzelt + değer kontrol
224,Popcorn,Genel,Atıştırmalık,310,10,40,13.3333,0,0,0,1 Kase,30,,,no_candidate,NO_CANDIDATE_KEEP_CURRENT_PENDING,NO_CANDIDATE_KEEP_CURRENT_PENDING | candidate_quality=no_candidate | category_mismatch: Genel -> Atıştırmalık | fiber_100g_zero_placeholder | sugar_100g_zero_placeholder | sodium_mg_100g_zero_placeholder,Kategori düzelt + değer kontrol
225,Granola Bar,Tahıl & Ekmek,,475,10,70,17.5,0,0,0,1 Adet,40,Granola Bar,342.0,likely_related,USDA_RELATED_BUT_VALUES_DIFFER_REVIEW,USDA_RELATED_BUT_VALUES_DIFFER_REVIEW | candidate_quality=likely_related | fiber_likely_placeholder_zero | fiber_100g_zero_placeholder | sugar_100g_zero_placeholder | sodium_mg_100g_zero_placeholder,USDA adayını elle kontrol et; pişmiş/çiğ farkını netleştir
226,İrmik Helvası,Tatlı,,280,4,38,13,0,0,0,1 Porsiyon,100,,,no_candidate,RECIPE_OR_TURKISH_MEAL_NEEDS_MANUAL_SOURCE,RECIPE_OR_TURKISH_MEAL_NEEDS_MANUAL_SOURCE | candidate_quality=no_candidate | sugar_likely_placeholder_zero | fiber_100g_zero_placeholder | sugar_100g_zero_placeholder | sodium_mg_100g_zero_placeholder,TÜRKOMP/tarif hesabı gerekir
227,Lokma,Genel,Tatlı,300,4,40,14,0,0,0,1 Adet,25,,,no_candidate,NO_CANDIDATE_KEEP_CURRENT_PENDING,NO_CANDIDATE_KEEP_CURRENT_PENDING | candidate_quality=no_candidate | category_mismatch: Genel -> Tatlı | fiber_100g_zero_placeholder | sugar_100g_zero_placeholder | sodium_mg_100g_zero_placeholder,Kategori düzelt + değer kontrol
228,Turşu (Karışık),Genel,Sebze,40,1,8,0.2,0,0,0,1 Porsiyon,50,,,no_candidate,NO_CANDIDATE_KEEP_CURRENT_PENDING,NO_CANDIDATE_KEEP_CURRENT_PENDING | candidate_quality=no_candidate | category_mismatch: Genel -> Sebze | fiber_100g_zero_placeholder | sugar_100g_zero_placeholder | sodium_mg_100g_zero_placeholder,Kategori düzelt + değer kontrol
229,Peynirli Tost,Süt Ürünleri,,226.6667,9.3333,24,10.6667,0,0,0,1 Adet,150,,,no_candidate,RECIPE_OR_TURKISH_MEAL_NEEDS_MANUAL_SOURCE,RECIPE_OR_TURKISH_MEAL_NEEDS_MANUAL_SOURCE | candidate_quality=no_candidate | fiber_100g_zero_placeholder | sugar_100g_zero_placeholder | sodium_mg_100g_zero_placeholder,TÜRKOMP/tarif hesabı gerekir
230,Sucuklu Pide,Et & Tavuk,,272,11.2,28.8,12.8,0,0,0,1 Adet,250,,,no_candidate,RECIPE_OR_TURKISH_MEAL_NEEDS_MANUAL_SOURCE,RECIPE_OR_TURKISH_MEAL_NEEDS_MANUAL_SOURCE | candidate_quality=no_candidate | fiber_100g_zero_placeholder | sugar_100g_zero_placeholder | sodium_mg_100g_zero_placeholder,TÜRKOMP/tarif hesabı gerekir
231,Tavuklu Salata,Et & Tavuk,,88,9.6,4,4,0,0,0,1 Kase,250,,,no_candidate,RECIPE_OR_TURKISH_MEAL_NEEDS_MANUAL_SOURCE,RECIPE_OR_TURKISH_MEAL_NEEDS_MANUAL_SOURCE | candidate_quality=no_candidate | fiber_100g_zero_placeholder | sugar_100g_zero_placeholder | sodium_mg_100g_zero_placeholder,TÜRKOMP/tarif hesabı gerekir
232,Ton Salata,Genel,Yemek,97.5,11,4,4.5,0,0,0,1 Kase,200,,,no_candidate,RECIPE_OR_TURKISH_MEAL_NEEDS_MANUAL_SOURCE,RECIPE_OR_TURKISH_MEAL_NEEDS_MANUAL_SOURCE | candidate_quality=no_candidate | category_mismatch: Genel -> Yemek | fiber_100g_zero_placeholder | sugar_100g_zero_placeholder | sodium_mg_100g_zero_placeholder,Kategori düzelt + değer kontrol
233,Mercimek Salatası,Baklagil,,90,5,13,2.5,0,0,0,1 Kase,200,,,no_candidate,RECIPE_OR_TURKISH_MEAL_NEEDS_MANUAL_SOURCE,RECIPE_OR_TURKISH_MEAL_NEEDS_MANUAL_SOURCE | candidate_quality=no_candidate | fiber_likely_placeholder_zero | fiber_100g_zero_placeholder | sugar_100g_zero_placeholder | sodium_mg_100g_zero_placeholder,TÜRKOMP/tarif hesabı gerekir
234,Zeytinyağlı Enginar,Yağ & Sos,Yemek,80,2,7,5,0,0,0,1 Porsiyon,200,,,no_candidate,NO_CANDIDATE_KEEP_CURRENT_PENDING,NO_CANDIDATE_KEEP_CURRENT_PENDING | candidate_quality=no_candidate | category_mismatch: Yağ & Sos -> Yemek | fiber_100g_zero_placeholder | sugar_100g_zero_placeholder | sodium_mg_100g_zero_placeholder,Kategori düzelt + değer kontrol
235,Fasulye Pilaki,Baklagil,,105,3.5,15,3.5,0,0,0,1 Porsiyon,200,,,no_candidate,NO_CANDIDATE_KEEP_CURRENT_PENDING,NO_CANDIDATE_KEEP_CURRENT_PENDING | candidate_quality=no_candidate | fiber_likely_placeholder_zero | fiber_100g_zero_placeholder | sugar_100g_zero_placeholder | sodium_mg_100g_zero_placeholder,Kaynak bulunana kadar pending kalsın
236,Karnıyarık (Kıymalı),Yemek,,136,6.4,7.2,9.6,0,0,0,1 Porsiyon,250,,,no_candidate,RECIPE_OR_TURKISH_MEAL_NEEDS_MANUAL_SOURCE,RECIPE_OR_TURKISH_MEAL_NEEDS_MANUAL_SOURCE | candidate_quality=no_candidate | fiber_100g_zero_placeholder | sugar_100g_zero_placeholder | sodium_mg_100g_zero_placeholder,TÜRKOMP/tarif hesabı gerekir
237,Tavuk Sote,Et & Tavuk,,130,16,4,5.5,0,0,0,1 Porsiyon,200,,,no_candidate,RECIPE_OR_TURKISH_MEAL_NEEDS_MANUAL_SOURCE,RECIPE_OR_TURKISH_MEAL_NEEDS_MANUAL_SOURCE | candidate_quality=no_candidate | fiber_100g_zero_placeholder | sugar_100g_zero_placeholder | sodium_mg_100g_zero_placeholder,TÜRKOMP/tarif hesabı gerekir
238,Balık (Izgara),Balık & Deniz,,137.3333,22.6667,0,4.6667,0,0,0,1 Porsiyon,150,,,no_candidate,NO_CANDIDATE_KEEP_CURRENT_PENDING,NO_CANDIDATE_KEEP_CURRENT_PENDING | candidate_quality=no_candidate | fiber_100g_zero_placeholder | sugar_100g_zero_placeholder | sodium_mg_100g_zero_placeholder,Kaynak bulunana kadar pending kalsın
239,Muzlu Süt,Süt Ürünleri,İçecek,72,2.8,11.2,1.6,0,0,0,1 Bardak,250,,,no_candidate,NO_CANDIDATE_KEEP_CURRENT_PENDING,NO_CANDIDATE_KEEP_CURRENT_PENDING | candidate_quality=no_candidate | sugar_likely_placeholder_zero | category_mismatch: Süt Ürünleri -> İçecek | fiber_100g_zero_placeholder | sugar_100g_zero_placeholder | sodium_mg_100g_zero_placeholder,Kategori düzelt + değer kontrol
240,Çay (Sütlü),Süt Ürünleri,İçecek,30,1,4,1,0,0,0,1 Fincan,150,,,no_candidate,NO_CANDIDATE_KEEP_CURRENT_PENDING,NO_CANDIDATE_KEEP_CURRENT_PENDING | candidate_quality=no_candidate | sugar_likely_placeholder_zero | category_mismatch: Süt Ürünleri -> İçecek | fiber_100g_zero_placeholder | sugar_100g_zero_placeholder | sodium_mg_100g_zero_placeholder,Kategori düzelt + değer kontrol
